0.000000	0.00000000e+00	0.00000000e+00
0.010000	4.96386006e-09	5.51540000e+04
0.020000	1.00299601e-08	1.11444000e+05
0.030000	1.46275202e-08	1.62528000e+05
0.040000	1.88049602e-08	2.08944000e+05
0.050000	2.25858603e-08	2.50954000e+05
0.060000	2.59768803e-08	2.88632000e+05
0.070000	2.91186003e-08	3.23540000e+05
0.080000	3.19881604e-08	3.55424000e+05
0.090000	3.46363204e-08	3.84848000e+05
0.100000	3.71100604e-08	4.12334000e+05
0.110000	3.94272004e-08	4.38080000e+05
0.120000	4.15774805e-08	4.61972000e+05
0.130000	4.35544205e-08	4.83938000e+05
0.140000	4.54014005e-08	5.04460000e+05
0.150000	4.71376805e-08	5.23752000e+05
0.160000	4.87447205e-08	5.41608000e+05
0.170000	5.02846206e-08	5.58718000e+05
0.180000	5.17428006e-08	5.74920000e+05
0.190000	5.30942406e-08	5.89936000e+05
0.200000	5.43508206e-08	6.03898000e+05
0.210000	5.55580806e-08	6.17312000e+05
0.220000	5.67120606e-08	6.30134000e+05
0.230000	5.78104206e-08	6.42338000e+05
0.240000	5.88679207e-08	6.54088000e+05
0.250000	5.98467607e-08	6.64964000e+05
0.260000	6.07806007e-08	6.75340000e+05
0.270000	6.16800607e-08	6.85334000e+05
0.280000	6.25505407e-08	6.95006000e+05
0.290000	6.33751207e-08	7.04168000e+05
0.300000	6.41680207e-08	7.12978000e+05
0.310000	6.49153807e-08	7.21282000e+05
0.320000	6.56254807e-08	7.29172000e+05
0.330000	6.63132607e-08	7.36814000e+05
0.340000	6.69963607e-08	7.44404000e+05
0.350000	6.76198808e-08	7.51332000e+05
0.360000	6.82390808e-08	7.58212000e+05
0.370000	6.88348808e-08	7.64832000e+05
0.380000	6.94038608e-08	7.71154000e+05
0.390000	6.99447608e-08	7.77164000e+05
0.400000	7.04732408e-08	7.83036000e+05
0.410000	7.87345209e-08	8.74828000e+05
0.420000	8.69590810e-08	9.66212000e+05
0.430000	9.41545810e-08	1.04616200e+06
0.440000	1.00492381e-07	1.11658200e+06
0.450000	1.06024321e-07	1.17804800e+06
0.460000	1.11015901e-07	1.23351000e+06
0.470000	1.15537681e-07	1.28375200e+06
0.480000	1.19626561e-07	1.32918400e+06
0.490000	1.23363901e-07	1.37071000e+06
0.500000	1.26725401e-07	1.40806000e+06
0.510000	1.29798901e-07	1.44221000e+06
0.520000	1.32655501e-07	1.47395000e+06
0.530000	1.35258842e-07	1.50287600e+06
0.540000	1.37691182e-07	1.52990200e+06
0.550000	1.39959542e-07	1.55510600e+06
0.560000	1.42022522e-07	1.57802800e+06
0.570000	1.43995322e-07	1.59994800e+06
0.580000	1.45828982e-07	1.62032200e+06
0.590000	1.47535562e-07	1.63928400e+06
0.600000	1.49125142e-07	1.65694600e+06
0.610000	1.50625802e-07	1.67362000e+06
0.620000	1.52036822e-07	1.68929800e+06
0.630000	1.53373142e-07	1.70414600e+06
0.640000	1.54613882e-07	1.71793200e+06
0.650000	1.55824382e-07	1.73138200e+06
0.660000	1.56956942e-07	1.74396600e+06
0.670000	1.58035502e-07	1.75595000e+06
0.680000	1.59052682e-07	1.76725200e+06
0.690000	1.60033502e-07	1.77815000e+06
0.700000	1.60954202e-07	1.78838000e+06
0.710000	1.61856722e-07	1.79840800e+06
0.720000	1.62703802e-07	1.80782000e+06
0.730000	1.63527302e-07	1.81697000e+06
0.740000	1.64310302e-07	1.82567000e+06
0.750000	1.65056942e-07	1.83396600e+06
0.760000	1.65771002e-07	1.84190000e+06
0.770000	1.66454642e-07	1.84949600e+06
0.780000	1.67109662e-07	1.85677400e+06
0.790000	1.67741462e-07	1.86379400e+06
0.800000	1.68354902e-07	1.87061000e+06
0.810000	1.76946302e-07	1.96607000e+06
0.820000	1.85449502e-07	2.06055000e+06
0.830000	1.92877022e-07	2.14307800e+06
0.840000	1.99369262e-07	2.21521400e+06
0.850000	2.05112522e-07	2.27902800e+06
0.860000	2.10270962e-07	2.33634400e+06
0.870000	2.14813082e-07	2.38681200e+06
0.880000	2.18939042e-07	2.43265600e+06
0.890000	2.22712202e-07	2.47458000e+06
0.900000	2.26130943e-07	2.51256600e+06
0.910000	2.29244583e-07	2.54716200e+06
0.920000	2.32118463e-07	2.57909400e+06
0.930000	2.34792543e-07	2.60880600e+06
0.940000	2.37231543e-07	2.63590600e+06
0.950000	2.39513943e-07	2.66126600e+06
0.960000	2.41659363e-07	2.68510400e+06
0.970000	2.43640803e-07	2.70712000e+06
0.980000	2.45453943e-07	2.72726600e+06
0.990000	2.47173303e-07	2.74637000e+06
1.000000	2.48810403e-07	2.76456000e+06
1.010000	2.50343643e-07	2.78159600e+06
1.020000	2.51772483e-07	2.79747200e+06
1.030000	2.53122843e-07	2.81247600e+06
1.040000	2.54421543e-07	2.82690600e+06
1.050000	2.55650943e-07	2.84056600e+06
1.060000	2.56799703e-07	2.85333000e+06
1.070000	2.57888883e-07	2.86543200e+06
1.080000	2.58942783e-07	2.87714200e+06
1.090000	2.59948983e-07	2.88832200e+06
1.100000	2.60896683e-07	2.89885200e+06
1.110000	2.61815223e-07	2.90905800e+06
1.120000	2.62665723e-07	2.91850800e+06
1.130000	2.63478063e-07	2.92753400e+06
1.140000	2.64269343e-07	2.93632600e+06
1.150000	2.65030923e-07	2.94478800e+06
1.160000	2.65765683e-07	2.95295200e+06
1.170000	2.66448783e-07	2.96054200e+06
1.180000	2.67110463e-07	2.96789400e+06
1.190000	2.67740823e-07	2.97489800e+06
1.200000	2.68360923e-07	2.98178800e+06
1.210000	2.76980403e-07	3.07756000e+06
1.220000	2.85481983e-07	3.17202200e+06
1.230000	2.92839843e-07	3.25377600e+06
1.240000	2.99286903e-07	3.32541000e+06
1.250000	3.05073363e-07	3.38970400e+06
1.260000	3.10237743e-07	3.44708600e+06
1.270000	3.14837823e-07	3.49819800e+06
1.280000	3.18976564e-07	3.54418400e+06
1.290000	3.22670164e-07	3.58522400e+06
1.300000	3.26109424e-07	3.62343800e+06
1.310000	3.29278864e-07	3.65865400e+06
1.320000	3.32193604e-07	3.69104000e+06
1.330000	3.34866604e-07	3.72074000e+06
1.340000	3.37359244e-07	3.74843600e+06
1.350000	3.39652624e-07	3.77391800e+06
1.360000	3.41787604e-07	3.79764000e+06
1.370000	3.43749964e-07	3.81944400e+06
1.380000	3.45605584e-07	3.84006200e+06
1.390000	3.47337724e-07	3.85930800e+06
1.400000	3.48923884e-07	3.87693200e+06
1.410000	3.50440744e-07	3.89378600e+06
1.420000	3.51865264e-07	3.90961400e+06
1.430000	3.53235604e-07	3.92484000e+06
1.440000	3.54528904e-07	3.93921000e+06
1.450000	3.55737424e-07	3.95263800e+06
1.460000	3.56868184e-07	3.96520200e+06
1.470000	3.57966724e-07	3.97740800e+06
1.480000	3.58999204e-07	3.98888000e+06
1.490000	3.59991904e-07	3.99991000e+06
1.500000	3.60913504e-07	4.01015000e+06
1.510000	3.61805764e-07	4.02006400e+06
1.520000	3.62694424e-07	4.02993800e+06
1.530000	3.63502624e-07	4.03891800e+06
1.540000	3.64284724e-07	4.04760800e+06
1.550000	3.65030284e-07	4.05589200e+06
1.560000	3.65744524e-07	4.06382800e+06
1.570000	3.66438784e-07	4.07154200e+06
1.580000	3.67109644e-07	4.07899600e+06
1.590000	3.67741804e-07	4.08602000e+06
1.600000	3.68354884e-07	4.09283200e+06
1.610000	3.76957984e-07	4.18842200e+06
1.620000	3.85427164e-07	4.28252400e+06
1.630000	3.92825344e-07	4.36472600e+06
1.640000	3.99315604e-07	4.43684000e+06
1.650000	4.05064085e-07	4.50071200e+06
1.660000	4.10173385e-07	4.55748200e+06
1.670000	4.14760685e-07	4.60845200e+06
1.680000	4.18944065e-07	4.65493400e+06
1.690000	4.22703185e-07	4.69670200e+06
1.700000	4.26146045e-07	4.73495600e+06
1.710000	4.29270665e-07	4.76967400e+06
1.720000	4.32126365e-07	4.80140400e+06
1.730000	4.34768225e-07	4.83075800e+06
1.740000	4.37249885e-07	4.85833200e+06
1.750000	4.39536425e-07	4.88373800e+06
1.760000	4.41628385e-07	4.90698200e+06
1.770000	4.43562485e-07	4.92847200e+06
1.780000	4.45402805e-07	4.94892000e+06
1.790000	4.47117305e-07	4.96797000e+06
1.800000	4.48723625e-07	4.98581800e+06
1.810000	4.50233105e-07	5.00259000e+06
1.820000	4.51665545e-07	5.01850600e+06
1.830000	4.53032465e-07	5.03369400e+06
1.840000	4.54305425e-07	5.04783800e+06
1.850000	4.55534645e-07	5.06149600e+06
1.860000	4.56661445e-07	5.07401600e+06
1.870000	4.57795265e-07	5.08661400e+06
1.880000	4.58853845e-07	5.09837600e+06
1.890000	4.59847085e-07	5.10941200e+06
1.900000	4.60800005e-07	5.12000000e+06
1.910000	4.61700005e-07	5.13000000e+06
1.920000	4.62558065e-07	5.13953400e+06
1.930000	4.63386245e-07	5.14873600e+06
1.940000	4.64174465e-07	5.15749400e+06
1.950000	4.64910485e-07	5.16567200e+06
1.960000	4.65639485e-07	5.17377200e+06
1.970000	4.66312325e-07	5.18124800e+06
1.980000	4.66986065e-07	5.18873400e+06
1.990000	4.67614085e-07	5.19571200e+06
2.000000	4.68222125e-07	5.20246800e+06
2.010000	4.76872205e-07	5.29858000e+06
2.020000	4.85308445e-07	5.39231600e+06
2.030000	4.92707525e-07	5.47452800e+06
2.040000	4.99138926e-07	5.54598800e+06
2.050000	5.04880746e-07	5.60978600e+06
2.060000	5.10004806e-07	5.66672000e+06
2.070000	5.14570506e-07	5.71745000e+06
2.080000	5.18766126e-07	5.76406800e+06
2.090000	5.22495006e-07	5.80550000e+06
2.100000	5.25947046e-07	5.84385600e+06
2.110000	5.29109646e-07	5.87899600e+06
2.120000	5.32015386e-07	5.91128200e+06
2.130000	5.34698106e-07	5.94109000e+06
2.140000	5.37157086e-07	5.96841200e+06
2.150000	5.39463786e-07	5.99404200e+06
2.160000	5.41583466e-07	6.01759400e+06
2.170000	5.43526746e-07	6.03918600e+06
2.180000	5.45348346e-07	6.05942600e+06
2.190000	5.47082646e-07	6.07869600e+06
2.200000	5.48735046e-07	6.09705600e+06
2.210000	5.50267206e-07	6.11408000e+06
2.220000	5.51702886e-07	6.13003200e+06
2.230000	5.53057746e-07	6.14508600e+06
2.240000	5.54317026e-07	6.15907800e+06
2.250000	5.55562626e-07	6.17291800e+06
2.260000	5.56714986e-07	6.18572200e+06
2.270000	5.57804526e-07	6.19782800e+06
2.280000	5.58851226e-07	6.20945800e+06
2.290000	5.59809186e-07	6.22010200e+06
2.300000	5.60763906e-07	6.23071000e+06
2.310000	5.61655986e-07	6.24062200e+06
2.320000	5.62497846e-07	6.24997600e+06
2.330000	5.63326206e-07	6.25918000e+06
2.340000	5.64134226e-07	6.26815800e+06
2.350000	5.64874386e-07	6.27638200e+06
2.360000	5.65586466e-07	6.28429400e+06
2.370000	5.66282886e-07	6.29203200e+06
2.380000	5.66946186e-07	6.29940200e+06
2.390000	5.67585006e-07	6.30650000e+06
2.400000	5.68202046e-07	6.31335600e+06
2.410000	5.76771306e-07	6.40857000e+06
2.420000	5.85291967e-07	6.50324400e+06
2.430000	5.92638127e-07	6.58486800e+06
2.440000	5.99160787e-07	6.65734200e+06
2.450000	6.04933207e-07	6.72148000e+06
2.460000	6.09994627e-07	6.77771800e+06
2.470000	6.14633767e-07	6.82926400e+06
2.480000	6.18786907e-07	6.87541000e+06
2.490000	6.22562227e-07	6.91735800e+06
2.500000	6.25949647e-07	6.95499600e+06
2.510000	6.29094607e-07	6.98994000e+06
2.520000	6.31955167e-07	7.02172400e+06
2.530000	6.34627087e-07	7.05141200e+06
2.540000	6.37090747e-07	7.07878600e+06
2.550000	6.39353167e-07	7.10392400e+06
2.560000	6.41480047e-07	7.12755600e+06
2.570000	6.43475167e-07	7.14972400e+06
2.580000	6.45304147e-07	7.17004600e+06
2.590000	6.47063647e-07	7.18959600e+06
2.600000	6.48664567e-07	7.20738400e+06
2.610000	6.50212027e-07	7.22457800e+06
2.620000	6.51612247e-07	7.24013600e+06
2.630000	6.52984207e-07	7.25538000e+06
2.640000	6.54290827e-07	7.26989800e+06
2.650000	6.55518427e-07	7.28353800e+06
2.660000	6.56684107e-07	7.29649000e+06
2.670000	6.57777067e-07	7.30863400e+06
2.680000	6.58826287e-07	7.32029200e+06
2.690000	6.59843647e-07	7.33159600e+06
2.700000	6.60799627e-07	7.34221800e+06
2.710000	6.61690267e-07	7.35211400e+06
2.720000	6.62544187e-07	7.36160200e+06
2.730000	6.63361207e-07	7.37068000e+06
2.740000	6.64151947e-07	7.37946600e+06
2.750000	6.64891747e-07	7.38768600e+06
2.760000	6.65626327e-07	7.39584800e+06
2.770000	6.66316447e-07	7.40351600e+06
2.780000	6.66995767e-07	7.41106400e+06
2.790000	6.67616227e-07	7.41795800e+06
2.800000	6.68235247e-07	7.42483600e+06
2.810000	6.76825208e-07	7.52028000e+06
2.820000	6.85344608e-07	7.61494000e+06
2.830000	6.92749268e-07	7.69721400e+06
2.840000	6.99216488e-07	7.76907200e+06
2.850000	7.04948588e-07	7.83276200e+06
2.860000	7.10088848e-07	7.88987600e+06
2.870000	7.14650228e-07	7.94055800e+06
2.880000	7.18782848e-07	7.98647600e+06
2.890000	7.22544848e-07	8.02827600e+06
2.900000	7.25952968e-07	8.06614400e+06
2.910000	7.29081008e-07	8.10090000e+06
2.920000	7.31973248e-07	8.13303600e+06
2.930000	7.34650928e-07	8.16278800e+06
2.940000	7.37148068e-07	8.19053400e+06
2.950000	7.39425068e-07	8.21583400e+06
2.960000	7.41590468e-07	8.23989400e+06
2.970000	7.43567948e-07	8.26186600e+06
2.980000	7.45412948e-07	8.28236600e+06
2.990000	7.47143468e-07	8.30159400e+06
3.000000	7.48749608e-07	8.31944000e+06
3.010000	7.50289688e-07	8.33655200e+06
3.020000	7.51747508e-07	8.35275000e+06
3.030000	7.53113348e-07	8.36792600e+06
3.040000	7.54383068e-07	8.38203400e+06
3.050000	7.55604728e-07	8.39560800e+06
3.060000	7.56772028e-07	8.40857800e+06
3.070000	7.57901348e-07	8.42112600e+06
3.080000	7.58933288e-07	8.43259200e+06
3.090000	7.59917708e-07	8.44353000e+06
3.100000	7.60870628e-07	8.45411800e+06
3.110000	7.61753348e-07	8.46392600e+06
3.120000	7.62615008e-07	8.47350000e+06
3.130000	7.63417448e-07	8.48241600e+06
3.140000	7.64212328e-07	8.49124800e+06
3.150000	7.64953388e-07	8.49948200e+06
3.160000	7.65672309e-07	8.50747000e+06
3.170000	7.66356669e-07	8.51507400e+06
3.180000	7.67022849e-07	8.52247600e+06
3.190000	7.67661489e-07	8.52957200e+06
3.200000	7.68292389e-07	8.53658200e+06
3.210000	7.76863269e-07	8.63181400e+06
3.220000	7.85310129e-07	8.72566800e+06
3.230000	7.92763389e-07	8.80848200e+06
3.240000	7.99231329e-07	8.88034800e+06
3.250000	8.04943989e-07	8.94382200e+06
3.260000	8.10028269e-07	9.00031400e+06
3.270000	8.14573269e-07	9.05081400e+06
3.280000	8.18739909e-07	9.09711000e+06
3.290000	8.22532329e-07	9.13924800e+06
3.300000	8.26007769e-07	9.17786400e+06
3.310000	8.29107549e-07	9.21230600e+06
3.320000	8.31973869e-07	9.24415400e+06
3.330000	8.34664509e-07	9.27405000e+06
3.340000	8.37144549e-07	9.30160600e+06
3.350000	8.39454309e-07	9.32727000e+06
3.360000	8.41547529e-07	9.35052800e+06
3.370000	8.43515649e-07	9.37239600e+06
3.380000	8.45380629e-07	9.39311800e+06
3.390000	8.47109169e-07	9.41232400e+06
3.400000	8.48732589e-07	9.43036200e+06
3.410000	8.50240269e-07	9.44711400e+06
3.420000	8.51652729e-07	9.46280800e+06
3.430000	8.52983829e-07	9.47759800e+06
3.440000	8.54289369e-07	9.49210400e+06
3.450000	8.55500590e-07	9.50556200e+06
3.460000	8.56668610e-07	9.51854000e+06
3.470000	8.57774170e-07	9.53082400e+06
3.480000	8.58788470e-07	9.54209400e+06
3.490000	8.59781890e-07	9.55313200e+06
3.500000	8.60724910e-07	9.56361000e+06
3.510000	8.61656050e-07	9.57395600e+06
3.520000	8.62528690e-07	9.58365200e+06
3.530000	8.63361910e-07	9.59291000e+06
3.540000	8.64136990e-07	9.60152200e+06
3.550000	8.64892090e-07	9.60991200e+06
3.560000	8.65616590e-07	9.61796200e+06
3.570000	8.66290330e-07	9.62544800e+06
3.580000	8.66966410e-07	9.63296000e+06
3.590000	8.67609010e-07	9.64010000e+06
3.600000	8.68223350e-07	9.64692600e+06
3.610000	8.76877570e-07	9.74308400e+06
3.620000	8.85320470e-07	9.83689400e+06
3.630000	8.92752490e-07	9.91947200e+06
3.640000	8.99197750e-07	9.99108600e+06
3.650000	9.04869550e-07	1.00541060e+07
3.660000	9.09967870e-07	1.01107540e+07
3.670000	9.14571730e-07	1.01619080e+07
3.680000	9.18738910e-07	1.02082100e+07
3.690000	9.22495330e-07	1.02499480e+07
3.700000	9.25964290e-07	1.02884920e+07
3.710000	9.29142550e-07	1.03238060e+07
3.720000	9.31999510e-07	1.03555500e+07
3.730000	9.34673410e-07	1.03852600e+07
3.740000	9.37153090e-07	1.04128120e+07
3.750000	9.39443230e-07	1.04382580e+07
3.760000	9.41566690e-07	1.04618520e+07
3.770000	9.43526710e-07	1.04836300e+07
3.780000	9.45350831e-07	1.05038980e+07
3.790000	9.47085851e-07	1.05231760e+07
3.800000	9.48700451e-07	1.05411160e+07
3.810000	9.50240531e-07	1.05582280e+07
3.820000	9.51659111e-07	1.05739900e+07
3.830000	9.53024951e-07	1.05891660e+07
3.840000	9.54315011e-07	1.06035000e+07
3.850000	9.55552331e-07	1.06172480e+07
3.860000	9.56695511e-07	1.06299500e+07
3.870000	9.57795671e-07	1.06421740e+07
3.880000	9.58854791e-07	1.06539420e+07
3.890000	9.59831831e-07	1.06647980e+07
3.900000	9.60776471e-07	1.06752940e+07
3.910000	9.61686191e-07	1.06854020e+07
3.920000	9.62546591e-07	1.06949620e+07
3.930000	9.63363611e-07	1.07040400e+07
3.940000	9.64155611e-07	1.07128400e+07
3.950000	9.64912331e-07	1.07212480e+07
3.960000	9.65650691e-07	1.07294520e+07
3.970000	9.66344771e-07	1.07371640e+07
3.980000	9.67028051e-07	1.07447560e+07
3.990000	9.67667951e-07	1.07518660e+07
4.000000	9.68294351e-07	1.07588260e+07
4.010000	9.76964591e-07	1.08551620e+07
4.020000	9.85425131e-07	1.09491680e+07
4.030000	9.92862551e-07	1.10318060e+07
4.040000	9.99311231e-07	1.11034580e+07
4.050000	1.00499005e-06	1.11665560e+07
4.060000	1.01016451e-06	1.12240500e+07
4.070000	1.01475667e-06	1.12750740e+07
4.080000	1.01890045e-06	1.13211160e+07
4.090000	1.02268369e-06	1.13631520e+07
4.100000	1.02611305e-06	1.14012560e+07
4.110000	1.02922489e-06	1.14358320e+07
4.120000	1.03208887e-06	1.14676540e+07
4.130000	1.03477717e-06	1.14975240e+07
4.140000	1.03727467e-06	1.15252740e+07
4.150000	1.03951243e-06	1.15501380e+07
4.160000	1.04163427e-06	1.15737140e+07
4.170000	1.04360995e-06	1.15956660e+07
4.180000	1.04547439e-06	1.16163820e+07
4.190000	1.04720887e-06	1.16356540e+07
4.200000	1.04882275e-06	1.16535860e+07
4.210000	1.05033979e-06	1.16704420e+07
4.220000	1.05178483e-06	1.16864980e+07
4.230000	1.05318109e-06	1.17020120e+07
4.240000	1.05445855e-06	1.17162060e+07
4.250000	1.05568039e-06	1.17297820e+07
4.260000	1.05682447e-06	1.17424940e+07
4.270000	1.05791689e-06	1.17546320e+07
4.280000	1.05894865e-06	1.17660960e+07
4.290000	1.05993181e-06	1.17770200e+07
4.300000	1.06086313e-06	1.17873680e+07
4.310000	1.06175971e-06	1.17973300e+07
4.320000	1.06262839e-06	1.18069820e+07
4.330000	1.06344937e-06	1.18161040e+07
4.340000	1.06422391e-06	1.18247100e+07
4.350000	1.06497307e-06	1.18330340e+07
4.360000	1.06568713e-06	1.18409680e+07
4.370000	1.06639237e-06	1.18488040e+07
4.380000	1.06705387e-06	1.18561540e+07
4.390000	1.06769863e-06	1.18633180e+07
4.400000	1.06832197e-06	1.18702440e+07
4.410000	1.07695549e-06	1.19661720e+07
4.420000	1.08550909e-06	1.20612120e+07
4.430000	1.09288045e-06	1.21431160e+07
4.440000	1.09937899e-06	1.22153220e+07
4.450000	1.10509057e-06	1.22787840e+07
4.460000	1.11022885e-06	1.23358760e+07
4.470000	1.11484315e-06	1.23871460e+07
4.480000	1.11897289e-06	1.24330320e+07
4.490000	1.12271023e-06	1.24745580e+07
4.500000	1.12614535e-06	1.25127260e+07
4.510000	1.12927807e-06	1.25475340e+07
4.520000	1.13212801e-06	1.25792000e+07
4.530000	1.13479579e-06	1.26088420e+07
4.540000	1.13725657e-06	1.26361840e+07
4.550000	1.13954923e-06	1.26616580e+07
4.560000	1.14166333e-06	1.26851480e+07
4.570000	1.14362371e-06	1.27069300e+07
4.580000	1.14545107e-06	1.27272340e+07
4.590000	1.14717997e-06	1.27464440e+07
4.600000	1.14878143e-06	1.27642380e+07
4.610000	1.15030945e-06	1.27812160e+07
4.620000	1.15176187e-06	1.27973540e+07
4.630000	1.15312159e-06	1.28124620e+07
4.640000	1.15441147e-06	1.28267940e+07
4.650000	1.15564843e-06	1.28405380e+07
4.660000	1.15679917e-06	1.28533240e+07
4.670000	1.15787161e-06	1.28652400e+07
4.680000	1.15892173e-06	1.28769080e+07
4.690000	1.15993621e-06	1.28881800e+07
4.700000	1.16087293e-06	1.28985880e+07
4.710000	1.16175223e-06	1.29083580e+07
4.720000	1.16262937e-06	1.29181040e+07
4.730000	1.16346655e-06	1.29274060e+07
4.740000	1.16424883e-06	1.29360980e+07
4.750000	1.16498827e-06	1.29443140e+07
4.760000	1.16570755e-06	1.29523060e+07
4.770000	1.16639227e-06	1.29599140e+07
4.780000	1.16705269e-06	1.29672520e+07
4.790000	1.16769745e-06	1.29744160e+07
4.800000	1.16832295e-06	1.29813660e+07
4.810000	1.17693253e-06	1.30770280e+07
4.820000	1.18541485e-06	1.31712760e+07
4.830000	1.19280115e-06	1.32533460e+07
4.840000	1.19924605e-06	1.33249560e+07
4.850000	1.20498751e-06	1.33887500e+07
4.860000	1.21007539e-06	1.34452820e+07
4.870000	1.21473955e-06	1.34971060e+07
4.880000	1.21887073e-06	1.35430080e+07
4.890000	1.22267377e-06	1.35852640e+07
4.900000	1.22612743e-06	1.36236380e+07
4.910000	1.22924971e-06	1.36583300e+07
4.920000	1.23211819e-06	1.36902020e+07
4.930000	1.23478957e-06	1.37198840e+07
4.940000	1.23721669e-06	1.37468520e+07
4.950000	1.23952159e-06	1.37724620e+07
4.960000	1.24161013e-06	1.37956680e+07
4.970000	1.24355917e-06	1.38173240e+07
4.980000	1.24538041e-06	1.38375600e+07
4.990000	1.24710175e-06	1.38566860e+07
5.000000	1.24869295e-06	1.38743660e+07
5.010000	1.25025355e-06	1.38917060e+07
5.020000	1.25173099e-06	1.39081220e+07
5.030000	1.25308333e-06	1.39231480e+07
5.040000	1.25437213e-06	1.39374680e+07
5.050000	1.25558587e-06	1.39509540e+07
5.060000	1.25674489e-06	1.39638320e+07
5.070000	1.25787637e-06	1.39764040e+07
5.080000	1.25889589e-06	1.39877320e+07
5.090000	1.25990155e-06	1.39989060e+07
5.100000	1.26083719e-06	1.40093020e+07
5.110000	1.26174007e-06	1.40193340e+07
5.120000	1.26260965e-06	1.40289960e+07
5.130000	1.26342739e-06	1.40380820e+07
5.140000	1.26421381e-06	1.40468200e+07
5.150000	1.26497395e-06	1.40552660e+07
5.160000	1.26570943e-06	1.40634380e+07
5.170000	1.26641107e-06	1.40712340e+07
5.180000	1.26707671e-06	1.40786300e+07
5.190000	1.26771175e-06	1.40856860e+07
5.200000	1.26834391e-06	1.40927100e+07
5.210000	1.27698715e-06	1.41887460e+07
5.220000	1.28546011e-06	1.42828900e+07
5.230000	1.29276757e-06	1.43640840e+07
5.240000	1.29922705e-06	1.44358560e+07
5.250000	1.30497211e-06	1.44996900e+07
5.260000	1.31009149e-06	1.45565720e+07
5.270000	1.31468779e-06	1.46076420e+07
5.280000	1.31883445e-06	1.46537160e+07
5.290000	1.32260617e-06	1.46956240e+07
5.300000	1.32602761e-06	1.47336400e+07
5.310000	1.32913855e-06	1.47682060e+07
5.320000	1.33202143e-06	1.48002380e+07
5.330000	1.33466671e-06	1.48296300e+07
5.340000	1.33713343e-06	1.48570380e+07
5.350000	1.33944067e-06	1.48826740e+07
5.360000	1.34159077e-06	1.49065640e+07
5.370000	1.34357167e-06	1.49285740e+07
5.380000	1.34542567e-06	1.49491740e+07
5.390000	1.34715943e-06	1.49684380e+07
5.400000	1.34876881e-06	1.49863200e+07
5.410000	1.35028316e-06	1.50031460e+07
5.420000	1.35172604e-06	1.50191780e+07
5.430000	1.35308288e-06	1.50342540e+07
5.440000	1.35437438e-06	1.50486040e+07
5.450000	1.35558416e-06	1.50620460e+07
5.460000	1.35671654e-06	1.50746280e+07
5.470000	1.35782048e-06	1.50868940e+07
5.480000	1.35886700e-06	1.50985220e+07
5.490000	1.35985052e-06	1.51094500e+07
5.500000	1.36081082e-06	1.51201200e+07
5.510000	1.36172612e-06	1.51302900e+07
5.520000	1.36258778e-06	1.51398640e+07
5.530000	1.36340858e-06	1.51489840e+07
5.540000	1.36419122e-06	1.51576800e+07
5.550000	1.36494542e-06	1.51660600e+07
5.560000	1.36566146e-06	1.51740160e+07
5.570000	1.36634870e-06	1.51816520e+07
5.580000	1.36703180e-06	1.51892420e+07
5.590000	1.36767332e-06	1.51963700e+07
5.600000	1.36827794e-06	1.52030880e+07
5.610000	1.37688716e-06	1.52987460e+07
5.620000	1.38530252e-06	1.53922500e+07
5.630000	1.39261754e-06	1.54735280e+07
5.640000	1.39911698e-06	1.55457440e+07
5.650000	1.40486312e-06	1.56095900e+07
5.660000	1.40997818e-06	1.56664240e+07
5.670000	1.41458438e-06	1.57176040e+07
5.680000	1.41880682e-06	1.57645200e+07
5.690000	1.42258124e-06	1.58064580e+07
5.700000	1.42603778e-06	1.58448640e+07
5.710000	1.42914584e-06	1.58793980e+07
5.720000	1.43203358e-06	1.59114840e+07
5.730000	1.43470244e-06	1.59411380e+07
5.740000	1.43714864e-06	1.59683180e+07
5.750000	1.43941268e-06	1.59934740e+07
5.760000	1.44158258e-06	1.60175840e+07
5.770000	1.44353324e-06	1.60392580e+07
5.780000	1.44534818e-06	1.60594240e+07
5.790000	1.44706304e-06	1.60784780e+07
5.800000	1.44870464e-06	1.60967180e+07
5.810000	1.45022834e-06	1.61136480e+07
5.820000	1.45167140e-06	1.61296820e+07
5.830000	1.45304840e-06	1.61449820e+07
5.840000	1.45430696e-06	1.61589660e+07
5.850000	1.45554302e-06	1.61727000e+07
5.860000	1.45668818e-06	1.61854240e+07
5.870000	1.45779410e-06	1.61977120e+07
5.880000	1.45883468e-06	1.62092740e+07
5.890000	1.45979444e-06	1.62199380e+07
5.900000	1.46073566e-06	1.62303960e+07
5.910000	1.46163404e-06	1.62403780e+07
5.920000	1.46249948e-06	1.62499940e+07
5.930000	1.46331938e-06	1.62591040e+07
5.940000	1.46411318e-06	1.62679240e+07
5.950000	1.46487404e-06	1.62763780e+07
5.960000	1.46559224e-06	1.62843580e+07
5.970000	1.46629172e-06	1.62921300e+07
5.980000	1.46695466e-06	1.62994960e+07
5.990000	1.46759096e-06	1.63065660e+07
6.000000	1.46820332e-06	1.63133700e+07
6.010000	1.47679688e-06	1.64088540e+07
6.020000	1.48524806e-06	1.65027560e+07
6.030000	1.49267864e-06	1.65853180e+07
6.040000	1.49917988e-06	1.66575540e+07
6.050000	1.50488894e-06	1.67209880e+07
6.060000	1.51000562e-06	1.67778400e+07
6.070000	1.51464746e-06	1.68294160e+07
6.080000	1.51886738e-06	1.68763040e+07
6.090000	1.52262524e-06	1.69180580e+07
6.100000	1.52603048e-06	1.69558940e+07
6.110000	1.52913260e-06	1.69903620e+07
6.120000	1.53199010e-06	1.70221120e+07
6.130000	1.53469748e-06	1.70521940e+07
6.140000	1.53712316e-06	1.70791460e+07
6.150000	1.53942770e-06	1.71047520e+07
6.160000	1.54158356e-06	1.71287060e+07
6.170000	1.54357742e-06	1.71508600e+07
6.180000	1.54544528e-06	1.71716140e+07
6.190000	1.54714412e-06	1.71904900e+07
6.200000	1.54878554e-06	1.72087280e+07
6.210000	1.55031842e-06	1.72257600e+07
6.220000	1.55179658e-06	1.72421840e+07
6.230000	1.55312750e-06	1.72569720e+07
6.240000	1.55439794e-06	1.72710880e+07
6.250000	1.55560304e-06	1.72844780e+07
6.260000	1.55674658e-06	1.72971840e+07
6.270000	1.55784008e-06	1.73093340e+07
6.280000	1.55888102e-06	1.73209000e+07
6.290000	1.55986688e-06	1.73318540e+07
6.300000	1.56083456e-06	1.73426060e+07
6.310000	1.56173366e-06	1.73525960e+07
6.320000	1.56260738e-06	1.73623040e+07
6.330000	1.56341846e-06	1.73713160e+07
6.340000	1.56420452e-06	1.73800500e+07
6.350000	1.56495314e-06	1.73883680e+07
6.360000	1.56565280e-06	1.73961420e+07
6.370000	1.56635228e-06	1.74039140e+07
6.380000	1.56702818e-06	1.74114240e+07
6.390000	1.56767636e-06	1.74186260e+07
6.400000	1.56829304e-06	1.74254780e+07
6.410000	1.56887552e-06	1.74319500e+07
6.420000	1.56943568e-06	1.74381740e+07
6.430000	1.56996470e-06	1.74440520e+07
6.440000	1.57049696e-06	1.74499660e+07
6.450000	1.57100816e-06	1.74556460e+07
6.460000	1.57150280e-06	1.74611420e+07
6.470000	1.57197638e-06	1.74664040e+07
6.480000	1.57243142e-06	1.74714600e+07
6.490000	1.57287170e-06	1.74763520e+07
6.500000	1.57330028e-06	1.74811140e+07
6.510000	1.57370312e-06	1.74855900e+07
6.520000	1.57409444e-06	1.74899380e+07
6.530000	1.57449008e-06	1.74943340e+07
6.540000	1.57486970e-06	1.74985520e+07
6.550000	1.57523582e-06	1.75026200e+07
6.560000	1.57559150e-06	1.75065720e+07
6.570000	1.57593728e-06	1.75104140e+07
6.580000	1.57628234e-06	1.75142480e+07
6.590000	1.57661426e-06	1.75179360e+07
6.600000	1.57693862e-06	1.75215400e+07
6.610000	1.57724912e-06	1.75249900e+07
6.620000	1.57755152e-06	1.75283500e+07
6.630000	1.57784942e-06	1.75316600e+07
6.640000	1.57813868e-06	1.75348740e+07
6.650000	1.57842578e-06	1.75380640e+07
6.660000	1.57870514e-06	1.75411680e+07
6.670000	1.57897568e-06	1.75441740e+07
6.680000	1.57923830e-06	1.75470920e+07
6.690000	1.57949678e-06	1.75499640e+07
6.700000	1.57974914e-06	1.75527680e+07
6.710000	1.57999250e-06	1.75554720e+07
6.720000	1.58023082e-06	1.75581200e+07
6.730000	1.58045330e-06	1.75605920e+07
6.740000	1.58067074e-06	1.75630080e+07
6.750000	1.58088386e-06	1.75653760e+07
6.760000	1.58110886e-06	1.75678760e+07
6.770000	1.58132846e-06	1.75703160e+07
6.780000	1.58153330e-06	1.75725920e+07
6.790000	1.58173382e-06	1.75748200e+07
6.800000	1.58191886e-06	1.75768760e+07
6.810000	1.58209994e-06	1.75788880e+07
6.820000	1.58227850e-06	1.75808720e+07
6.830000	1.58245904e-06	1.75828780e+07
6.840000	1.58263544e-06	1.75848380e+07
6.850000	1.58280914e-06	1.75867680e+07
6.860000	1.58299148e-06	1.75887940e+07
6.870000	1.58316914e-06	1.75907680e+07
6.880000	1.58333330e-06	1.75925920e+07
6.890000	1.58349404e-06	1.75943780e+07
6.900000	1.58365244e-06	1.75961380e+07
6.910000	1.58380526e-06	1.75978360e+07
6.920000	1.58395430e-06	1.75994920e+07
6.930000	1.58410100e-06	1.76011220e+07
6.940000	1.58424842e-06	1.76027600e+07
6.950000	1.58439440e-06	1.76043820e+07
6.960000	1.58453804e-06	1.76059780e+07
6.970000	1.58467520e-06	1.76075020e+07
6.980000	1.58481038e-06	1.76090040e+07
6.990000	1.58494322e-06	1.76104800e+07
7.000000	1.58507444e-06	1.76119380e+07
