0.000000	1.00000000e-07	1.11111110e+06
0.010000	1.80900002e-12	2.01000000e+01
0.020000	-8.10000009e-14	-9.00000000e-01
0.030000	-8.10000009e-14	-9.00000000e-01
0.040000	-8.10000009e-14	-9.00000000e-01
0.050000	-8.10000009e-14	-9.00000000e-01
0.060000	-8.10000009e-14	-9.00000000e-01
0.070000	-8.10000009e-14	-9.00000000e-01
0.080000	-8.10000009e-14	-9.00000000e-01
0.090000	-8.10000009e-14	-9.00000000e-01
0.100000	-8.10000009e-14	-9.00000000e-01
0.110000	-8.10000009e-14	-9.00000000e-01
0.120000	-8.10000009e-14	-9.00000000e-01
0.130000	-8.10000009e-14	-9.00000000e-01
0.140000	-8.10000009e-14	-9.00000000e-01
0.150000	-8.10000009e-14	-9.00000000e-01
0.160000	-8.10000009e-14	-9.00000000e-01
0.170000	-8.10000009e-14	-9.00000000e-01
0.180000	-8.10000009e-14	-9.00000000e-01
0.190000	-8.10000009e-14	-9.00000000e-01
0.200000	-8.10000009e-14	-9.00000000e-01
0.210000	-8.10000009e-14	-9.00000000e-01
0.220000	-8.10000009e-14	-9.00000000e-01
0.230000	-8.10000009e-14	-9.00000000e-01
0.240000	-8.10000009e-14	-9.00000000e-01
0.250000	-8.10000009e-14	-9.00000000e-01
0.260000	-8.10000009e-14	-9.00000000e-01
0.270000	-8.10000009e-14	-9.00000000e-01
0.280000	-8.10000009e-14	-9.00000000e-01
0.290000	-8.10000009e-14	-9.00000000e-01
0.300000	-8.10000009e-14	-9.00000000e-01
0.310000	-8.10000009e-14	-9.00000000e-01
0.320000	-8.10000009e-14	-9.00000000e-01
0.330000	-8.10000009e-14	-9.00000000e-01
0.340000	-8.10000009e-14	-9.00000000e-01
0.350000	-8.10000009e-14	-9.00000000e-01
0.360000	-8.10000009e-14	-9.00000000e-01
0.370000	-8.10000009e-14	-9.00000000e-01
0.380000	-8.10000009e-14	-9.00000000e-01
0.390000	-8.10000009e-14	-9.00000000e-01
0.400000	-8.10000009e-14	-9.00000000e-01
0.410000	1.36791002e-12	1.51990000e+01
0.420000	-7.20900008e-14	-8.01000000e-01
0.430000	-7.20900008e-14	-8.01000000e-01
0.440000	-7.20900008e-14	-8.01000000e-01
0.450000	-7.20900008e-14	-8.01000000e-01
0.460000	-7.20900008e-14	-8.01000000e-01
0.470000	-7.20900008e-14	-8.01000000e-01
0.480000	-7.20900008e-14	-8.01000000e-01
0.490000	-7.20900008e-14	-8.01000000e-01
0.500000	-7.20900008e-14	-8.01000000e-01
0.510000	-7.20900008e-14	-8.01000000e-01
0.520000	-7.20900008e-14	-8.01000000e-01
0.530000	-7.20900008e-14	-8.01000000e-01
0.540000	-7.20900008e-14	-8.01000000e-01
0.550000	-7.20900008e-14	-8.01000000e-01
0.560000	-7.20900008e-14	-8.01000000e-01
0.570000	-7.20900008e-14	-8.01000000e-01
0.580000	-7.20900008e-14	-8.01000000e-01
0.590000	-7.20900008e-14	-8.01000000e-01
0.600000	-7.20900008e-14	-8.01000000e-01
0.610000	-7.20900008e-14	-8.01000000e-01
0.620000	-7.20900008e-14	-8.01000000e-01
0.630000	-7.20900008e-14	-8.01000000e-01
0.640000	-7.20900008e-14	-8.01000000e-01
0.650000	-7.20900008e-14	-8.01000000e-01
0.660000	-7.20900008e-14	-8.01000000e-01
0.670000	-7.20900008e-14	-8.01000000e-01
0.680000	-7.20900008e-14	-8.01000000e-01
0.690000	-7.20900008e-14	-8.01000000e-01
0.700000	-7.20900008e-14	-8.01000000e-01
0.710000	-7.20900008e-14	-8.01000000e-01
0.720000	-7.20900008e-14	-8.01000000e-01
0.730000	-7.20900008e-14	-8.01000000e-01
0.740000	-7.20900008e-14	-8.01000000e-01
0.750000	-7.20900008e-14	-8.01000000e-01
0.760000	-7.20900008e-14	-8.01000000e-01
0.770000	-7.20900008e-14	-8.01000000e-01
0.780000	-7.20900008e-14	-8.01000000e-01
0.790000	-7.20900008e-14	-8.01000000e-01
0.800000	-7.20900008e-14	-8.01000000e-01
0.810000	1.64682002e-12	1.82980000e+01
0.820000	-6.31800007e-14	-7.02000000e-01
0.830000	-6.31800007e-14	-7.02000000e-01
0.840000	-6.31800007e-14	-7.02000000e-01
0.850000	-6.31800007e-14	-7.02000000e-01
0.860000	-6.31800007e-14	-7.02000000e-01
0.870000	-6.31800007e-14	-7.02000000e-01
0.880000	-6.31800007e-14	-7.02000000e-01
0.890000	-6.31800007e-14	-7.02000000e-01
0.900000	-6.31800007e-14	-7.02000000e-01
0.910000	-6.31800007e-14	-7.02000000e-01
0.920000	-6.31800007e-14	-7.02000000e-01
0.930000	-6.31800007e-14	-7.02000000e-01
0.940000	-6.31800007e-14	-7.02000000e-01
0.950000	-6.31800007e-14	-7.02000000e-01
0.960000	-6.31800007e-14	-7.02000000e-01
0.970000	-6.31800007e-14	-7.02000000e-01
0.980000	-6.31800007e-14	-7.02000000e-01
0.990000	-6.31800007e-14	-7.02000000e-01
1.000000	-6.31800007e-14	-7.02000000e-01
1.010000	-6.31800007e-14	-7.02000000e-01
1.020000	-6.31800007e-14	-7.02000000e-01
1.030000	-6.31800007e-14	-7.02000000e-01
1.040000	-6.31800007e-14	-7.02000000e-01
1.050000	-6.31800007e-14	-7.02000000e-01
1.060000	-6.31800007e-14	-7.02000000e-01
1.070000	-6.31800007e-14	-7.02000000e-01
1.080000	-6.31800007e-14	-7.02000000e-01
1.090000	-6.31800007e-14	-7.02000000e-01
1.100000	-6.31800007e-14	-7.02000000e-01
1.110000	-6.31800007e-14	-7.02000000e-01
1.120000	-6.31800007e-14	-7.02000000e-01
1.130000	-6.31800007e-14	-7.02000000e-01
1.140000	-6.31800007e-14	-7.02000000e-01
1.150000	-6.31800007e-14	-7.02000000e-01
1.160000	-6.31800007e-14	-7.02000000e-01
1.170000	-6.31800007e-14	-7.02000000e-01
1.180000	-6.31800007e-14	-7.02000000e-01
1.190000	-6.31800007e-14	-7.02000000e-01
1.200000	-6.31800007e-14	-7.02000000e-01
1.210000	1.83573002e-12	2.03970000e+01
1.220000	-5.42700006e-14	-6.03000000e-01
1.230000	-5.42700006e-14	-6.03000000e-01
1.240000	-5.42700006e-14	-6.03000000e-01
1.250000	-5.42700006e-14	-6.03000000e-01
1.260000	-5.42700006e-14	-6.03000000e-01
1.270000	-5.42700006e-14	-6.03000000e-01
1.280000	-5.42700006e-14	-6.03000000e-01
1.290000	-5.42700006e-14	-6.03000000e-01
1.300000	-5.42700006e-14	-6.03000000e-01
1.310000	-5.42700006e-14	-6.03000000e-01
1.320000	-5.42700006e-14	-6.03000000e-01
1.330000	-5.42700006e-14	-6.03000000e-01
1.340000	-5.42700006e-14	-6.03000000e-01
1.350000	-5.42700006e-14	-6.03000000e-01
1.360000	-5.42700006e-14	-6.03000000e-01
1.370000	-5.42700006e-14	-6.03000000e-01
1.380000	-5.42700006e-14	-6.03000000e-01
1.390000	-5.42700006e-14	-6.03000000e-01
1.400000	-5.42700006e-14	-6.03000000e-01
1.410000	-5.42700006e-14	-6.03000000e-01
1.420000	-5.42700006e-14	-6.03000000e-01
1.430000	-5.42700006e-14	-6.03000000e-01
1.440000	-5.42700006e-14	-6.03000000e-01
1.450000	-5.42700006e-14	-6.03000000e-01
1.460000	-5.42700006e-14	-6.03000000e-01
1.470000	-5.42700006e-14	-6.03000000e-01
1.480000	-5.42700006e-14	-6.03000000e-01
1.490000	-5.42700006e-14	-6.03000000e-01
1.500000	-5.42700006e-14	-6.03000000e-01
1.510000	-5.42700006e-14	-6.03000000e-01
1.520000	-5.42700006e-14	-6.03000000e-01
1.530000	-5.42700006e-14	-6.03000000e-01
1.540000	-5.42700006e-14	-6.03000000e-01
1.550000	-5.42700006e-14	-6.03000000e-01
1.560000	-5.42700006e-14	-6.03000000e-01
1.570000	-5.42700006e-14	-6.03000000e-01
1.580000	-5.42700006e-14	-6.03000000e-01
1.590000	-5.42700006e-14	-6.03000000e-01
1.600000	-5.42700006e-14	-6.03000000e-01
1.610000	2.38464003e-12	2.64960000e+01
1.620000	-4.53600005e-14	-5.04000000e-01
1.630000	-4.53600005e-14	-5.04000000e-01
1.640000	-4.53600005e-14	-5.04000000e-01
1.650000	-4.53600005e-14	-5.04000000e-01
1.660000	-4.53600005e-14	-5.04000000e-01
1.670000	-4.53600005e-14	-5.04000000e-01
1.680000	-4.53600005e-14	-5.04000000e-01
1.690000	-4.53600005e-14	-5.04000000e-01
1.700000	-4.53600005e-14	-5.04000000e-01
1.710000	-4.53600005e-14	-5.04000000e-01
1.720000	-4.53600005e-14	-5.04000000e-01
1.730000	-4.53600005e-14	-5.04000000e-01
1.740000	-4.53600005e-14	-5.04000000e-01
1.750000	-4.53600005e-14	-5.04000000e-01
1.760000	-4.53600005e-14	-5.04000000e-01
1.770000	-4.53600005e-14	-5.04000000e-01
1.780000	-4.53600005e-14	-5.04000000e-01
1.790000	-4.53600005e-14	-5.04000000e-01
1.800000	-4.53600005e-14	-5.04000000e-01
1.810000	-4.53600005e-14	-5.04000000e-01
1.820000	-4.53600005e-14	-5.04000000e-01
1.830000	-4.53600005e-14	-5.04000000e-01
1.840000	-4.53600005e-14	-5.04000000e-01
1.850000	-4.53600005e-14	-5.04000000e-01
1.860000	-4.53600005e-14	-5.04000000e-01
1.870000	-4.53600005e-14	-5.04000000e-01
1.880000	-4.53600005e-14	-5.04000000e-01
1.890000	-4.53600005e-14	-5.04000000e-01
1.900000	-4.53600005e-14	-5.04000000e-01
1.910000	-4.53600005e-14	-5.04000000e-01
1.920000	-4.53600005e-14	-5.04000000e-01
1.930000	-4.53600005e-14	-5.04000000e-01
1.940000	-4.53600005e-14	-5.04000000e-01
1.950000	-4.53600005e-14	-5.04000000e-01
1.960000	-4.53600005e-14	-5.04000000e-01
1.970000	-4.53600005e-14	-5.04000000e-01
1.980000	-4.53600005e-14	-5.04000000e-01
1.990000	-4.53600005e-14	-5.04000000e-01
2.000000	-4.53600005e-14	-5.04000000e-01
2.010000	1.94355002e-12	2.15950000e+01
2.020000	-3.64500004e-14	-4.05000000e-01
2.030000	-3.64500004e-14	-4.05000000e-01
2.040000	-3.64500004e-14	-4.05000000e-01
2.050000	-3.64500004e-14	-4.05000000e-01
2.060000	-3.64500004e-14	-4.05000000e-01
2.070000	-3.64500004e-14	-4.05000000e-01
2.080000	-3.64500004e-14	-4.05000000e-01
2.090000	-3.64500004e-14	-4.05000000e-01
2.100000	-3.64500004e-14	-4.05000000e-01
2.110000	-3.64500004e-14	-4.05000000e-01
2.120000	-3.64500004e-14	-4.05000000e-01
2.130000	-3.64500004e-14	-4.05000000e-01
2.140000	-3.64500004e-14	-4.05000000e-01
2.150000	-3.64500004e-14	-4.05000000e-01
2.160000	-3.64500004e-14	-4.05000000e-01
2.170000	-3.64500004e-14	-4.05000000e-01
2.180000	-3.64500004e-14	-4.05000000e-01
2.190000	-3.64500004e-14	-4.05000000e-01
2.200000	-3.64500004e-14	-4.05000000e-01
2.210000	-3.64500004e-14	-4.05000000e-01
2.220000	-3.64500004e-14	-4.05000000e-01
2.230000	-3.64500004e-14	-4.05000000e-01
2.240000	-3.64500004e-14	-4.05000000e-01
2.250000	-3.64500004e-14	-4.05000000e-01
2.260000	-3.64500004e-14	-4.05000000e-01
2.270000	-3.64500004e-14	-4.05000000e-01
2.280000	-3.64500004e-14	-4.05000000e-01
2.290000	-3.64500004e-14	-4.05000000e-01
2.300000	-3.64500004e-14	-4.05000000e-01
2.310000	-3.64500004e-14	-4.05000000e-01
2.320000	-3.64500004e-14	-4.05000000e-01
2.330000	-3.64500004e-14	-4.05000000e-01
2.340000	-3.64500004e-14	-4.05000000e-01
2.350000	-3.64500004e-14	-4.05000000e-01
2.360000	-3.64500004e-14	-4.05000000e-01
2.370000	-3.64500004e-14	-4.05000000e-01
2.380000	-3.64500004e-14	-4.05000000e-01
2.390000	-3.64500004e-14	-4.05000000e-01
2.400000	-3.64500004e-14	-4.05000000e-01
2.410000	1.50246002e-12	1.66940000e+01
2.420000	-2.75400003e-14	-3.06000000e-01
2.430000	-2.75400003e-14	-3.06000000e-01
2.440000	-2.75400003e-14	-3.06000000e-01
2.450000	-2.75400003e-14	-3.06000000e-01
2.460000	-2.75400003e-14	-3.06000000e-01
2.470000	-2.75400003e-14	-3.06000000e-01
2.480000	-2.75400003e-14	-3.06000000e-01
2.490000	-2.75400003e-14	-3.06000000e-01
2.500000	-2.75400003e-14	-3.06000000e-01
2.510000	-2.75400003e-14	-3.06000000e-01
2.520000	-2.75400003e-14	-3.06000000e-01
2.530000	-2.75400003e-14	-3.06000000e-01
2.540000	-2.75400003e-14	-3.06000000e-01
2.550000	-2.75400003e-14	-3.06000000e-01
2.560000	-2.75400003e-14	-3.06000000e-01
2.570000	-2.75400003e-14	-3.06000000e-01
2.580000	-2.75400003e-14	-3.06000000e-01
2.590000	-2.75400003e-14	-3.06000000e-01
2.600000	-2.75400003e-14	-3.06000000e-01
2.610000	-2.75400003e-14	-3.06000000e-01
2.620000	-2.75400003e-14	-3.06000000e-01
2.630000	-2.75400003e-14	-3.06000000e-01
2.640000	-2.75400003e-14	-3.06000000e-01
2.650000	-2.75400003e-14	-3.06000000e-01
2.660000	-2.75400003e-14	-3.06000000e-01
2.670000	-2.75400003e-14	-3.06000000e-01
2.680000	-2.75400003e-14	-3.06000000e-01
2.690000	-2.75400003e-14	-3.06000000e-01
2.700000	-2.75400003e-14	-3.06000000e-01
2.710000	-2.75400003e-14	-3.06000000e-01
2.720000	-2.75400003e-14	-3.06000000e-01
2.730000	-2.75400003e-14	-3.06000000e-01
2.740000	-2.75400003e-14	-3.06000000e-01
2.750000	-2.75400003e-14	-3.06000000e-01
2.760000	-2.75400003e-14	-3.06000000e-01
2.770000	-2.75400003e-14	-3.06000000e-01
2.780000	-2.75400003e-14	-3.06000000e-01
2.790000	-2.75400003e-14	-3.06000000e-01
2.800000	-2.75400003e-14	-3.06000000e-01
2.810000	1.51137002e-12	1.67930000e+01
2.820000	-1.86300002e-14	-2.07000000e-01
2.830000	-1.86300002e-14	-2.07000000e-01
2.840000	-1.86300002e-14	-2.07000000e-01
2.850000	-1.86300002e-14	-2.07000000e-01
2.860000	-1.86300002e-14	-2.07000000e-01
2.870000	-1.86300002e-14	-2.07000000e-01
2.880000	-1.86300002e-14	-2.07000000e-01
2.890000	-1.86300002e-14	-2.07000000e-01
2.900000	-1.86300002e-14	-2.07000000e-01
2.910000	-1.86300002e-14	-2.07000000e-01
2.920000	-1.86300002e-14	-2.07000000e-01
2.930000	-1.86300002e-14	-2.07000000e-01
2.940000	-1.86300002e-14	-2.07000000e-01
2.950000	-1.86300002e-14	-2.07000000e-01
2.960000	-1.86300002e-14	-2.07000000e-01
2.970000	-1.86300002e-14	-2.07000000e-01
2.980000	-1.86300002e-14	-2.07000000e-01
2.990000	-1.86300002e-14	-2.07000000e-01
3.000000	-1.86300002e-14	-2.07000000e-01
3.010000	-1.86300002e-14	-2.07000000e-01
3.020000	-1.86300002e-14	-2.07000000e-01
3.030000	-1.86300002e-14	-2.07000000e-01
3.040000	-1.86300002e-14	-2.07000000e-01
3.050000	-1.86300002e-14	-2.07000000e-01
3.060000	-1.86300002e-14	-2.07000000e-01
3.070000	-1.86300002e-14	-2.07000000e-01
3.080000	-1.86300002e-14	-2.07000000e-01
3.090000	-1.86300002e-14	-2.07000000e-01
3.100000	-1.86300002e-14	-2.07000000e-01
3.110000	-1.86300002e-14	-2.07000000e-01
3.120000	-1.86300002e-14	-2.07000000e-01
3.130000	-1.86300002e-14	-2.07000000e-01
3.140000	-1.86300002e-14	-2.07000000e-01
3.150000	-1.86300002e-14	-2.07000000e-01
3.160000	-1.86300002e-14	-2.07000000e-01
3.170000	-1.86300002e-14	-2.07000000e-01
3.180000	-1.86300002e-14	-2.07000000e-01
3.190000	-1.86300002e-14	-2.07000000e-01
3.200000	-1.86300002e-14	-2.07000000e-01
3.210000	2.15028002e-12	2.38920000e+01
3.220000	-9.72000015e-15	-1.08000000e-01
3.230000	-9.72000015e-15	-1.08000000e-01
3.240000	-9.72000015e-15	-1.08000000e-01
3.250000	-9.72000015e-15	-1.08000000e-01
3.260000	-9.72000015e-15	-1.08000000e-01
3.270000	-9.72000015e-15	-1.08000000e-01
3.280000	-9.72000015e-15	-1.08000000e-01
3.290000	-9.72000015e-15	-1.08000000e-01
3.300000	-9.72000015e-15	-1.08000000e-01
3.310000	-9.72000015e-15	-1.08000000e-01
3.320000	-9.72000015e-15	-1.08000000e-01
3.330000	-9.72000015e-15	-1.08000000e-01
3.340000	-9.72000015e-15	-1.08000000e-01
3.350000	-9.72000015e-15	-1.08000000e-01
3.360000	-9.72000015e-15	-1.08000000e-01
3.370000	-9.72000015e-15	-1.08000000e-01
3.380000	-9.72000015e-15	-1.08000000e-01
3.390000	-9.72000015e-15	-1.08000000e-01
3.400000	-9.72000015e-15	-1.08000000e-01
3.410000	-9.72000015e-15	-1.08000000e-01
3.420000	-9.72000015e-15	-1.08000000e-01
3.430000	-9.72000015e-15	-1.08000000e-01
3.440000	-9.72000015e-15	-1.08000000e-01
3.450000	-9.72000015e-15	-1.08000000e-01
3.460000	-9.72000015e-15	-1.08000000e-01
3.470000	-9.72000015e-15	-1.08000000e-01
3.480000	-9.72000015e-15	-1.08000000e-01
3.490000	-9.72000015e-15	-1.08000000e-01
3.500000	-9.72000015e-15	-1.08000000e-01
3.510000	-9.72000015e-15	-1.08000000e-01
3.520000	-9.72000015e-15	-1.08000000e-01
3.530000	-9.72000015e-15	-1.08000000e-01
3.540000	-9.72000015e-15	-1.08000000e-01
3.550000	-9.72000015e-15	-1.08000000e-01
3.560000	-9.72000015e-15	-1.08000000e-01
3.570000	-9.72000015e-15	-1.08000000e-01
3.580000	-9.72000015e-15	-1.08000000e-01
3.590000	-9.72000015e-15	-1.08000000e-01
3.600000	-9.72000015e-15	-1.08000000e-01
3.610000	2.06919002e-12	2.29910000e+01
3.620000	-8.10000058e-16	-9.00000054e-03
3.630000	-8.10000058e-16	-9.00000054e-03
3.640000	-8.10000058e-16	-9.00000054e-03
3.650000	-8.10000058e-16	-9.00000054e-03
3.660000	-8.10000058e-16	-9.00000054e-03
3.670000	-8.10000058e-16	-9.00000054e-03
3.680000	-8.10000058e-16	-9.00000054e-03
3.690000	-8.10000058e-16	-9.00000054e-03
3.700000	-8.10000058e-16	-9.00000054e-03
3.710000	-8.10000058e-16	-9.00000054e-03
3.720000	-8.10000058e-16	-9.00000054e-03
3.730000	-8.10000058e-16	-9.00000054e-03
3.740000	-8.10000058e-16	-9.00000054e-03
3.750000	-8.10000058e-16	-9.00000054e-03
3.760000	-8.10000058e-16	-9.00000054e-03
3.770000	-8.10000058e-16	-9.00000054e-03
3.780000	-8.10000058e-16	-9.00000054e-03
3.790000	-8.10000058e-16	-9.00000054e-03
3.800000	-8.10000058e-16	-9.00000054e-03
3.810000	-8.10000058e-16	-9.00000054e-03
3.820000	-8.10000058e-16	-9.00000054e-03
3.830000	-8.10000058e-16	-9.00000054e-03
3.840000	-8.10000058e-16	-9.00000054e-03
3.850000	-8.10000058e-16	-9.00000054e-03
3.860000	-8.10000058e-16	-9.00000054e-03
3.870000	-8.10000058e-16	-9.00000054e-03
3.880000	-8.10000058e-16	-9.00000054e-03
3.890000	-8.10000058e-16	-9.00000054e-03
3.900000	-8.10000058e-16	-9.00000054e-03
3.910000	-8.10000058e-16	-9.00000054e-03
3.920000	-8.10000058e-16	-9.00000054e-03
3.930000	-8.10000058e-16	-9.00000054e-03
3.940000	-8.10000058e-16	-9.00000054e-03
3.950000	-8.10000058e-16	-9.00000054e-03
3.960000	-8.10000058e-16	-9.00000054e-03
3.970000	-8.10000058e-16	-9.00000054e-03
3.980000	-8.10000058e-16	-9.00000054e-03
3.990000	-8.10000058e-16	-9.00000054e-03
4.000000	-8.10000058e-16	-9.00000054e-03
4.010000	2.70810003e-12	3.00900000e+01
4.020000	8.10000003e-15	8.99999994e-02
4.030000	-8.19000010e-14	-9.10000001e-01
4.040000	-8.19000010e-14	-9.10000001e-01
4.050000	-8.19000010e-14	-9.10000001e-01
4.060000	-8.19000010e-14	-9.10000001e-01
4.070000	-8.19000010e-14	-9.10000001e-01
4.080000	-8.19000010e-14	-9.10000001e-01
4.090000	-8.19000010e-14	-9.10000001e-01
4.100000	-8.19000010e-14	-9.10000001e-01
4.110000	-8.19000010e-14	-9.10000001e-01
4.120000	-8.19000010e-14	-9.10000001e-01
4.130000	-8.19000010e-14	-9.10000001e-01
4.140000	-8.19000010e-14	-9.10000001e-01
4.150000	-8.19000010e-14	-9.10000001e-01
4.160000	-8.19000010e-14	-9.10000001e-01
4.170000	-8.19000010e-14	-9.10000001e-01
4.180000	-8.19000010e-14	-9.10000001e-01
4.190000	-8.19000010e-14	-9.10000001e-01
4.200000	-8.19000010e-14	-9.10000001e-01
4.210000	-8.19000010e-14	-9.10000001e-01
4.220000	-8.19000010e-14	-9.10000001e-01
4.230000	-8.19000010e-14	-9.10000001e-01
4.240000	-8.19000010e-14	-9.10000001e-01
4.250000	-8.19000010e-14	-9.10000001e-01
4.260000	-8.19000010e-14	-9.10000001e-01
4.270000	-8.19000010e-14	-9.10000001e-01
4.280000	-8.19000010e-14	-9.10000001e-01
4.290000	-8.19000010e-14	-9.10000001e-01
4.300000	-8.19000010e-14	-9.10000001e-01
4.310000	-8.19000010e-14	-9.10000001e-01
4.320000	-8.19000010e-14	-9.10000001e-01
4.330000	-8.19000010e-14	-9.10000001e-01
4.340000	-8.19000010e-14	-9.10000001e-01
4.350000	-8.19000010e-14	-9.10000001e-01
4.360000	-8.19000010e-14	-9.10000001e-01
4.370000	-8.19000010e-14	-9.10000001e-01
4.380000	-8.19000010e-14	-9.10000001e-01
4.390000	-8.19000010e-14	-9.10000001e-01
4.400000	-8.19000010e-14	-9.10000001e-01
4.410000	1.54701002e-12	1.71890000e+01
4.420000	-7.29900009e-14	-8.11000001e-01
4.430000	-7.29900009e-14	-8.11000001e-01
4.440000	-7.29900009e-14	-8.11000001e-01
4.450000	-7.29900009e-14	-8.11000001e-01
4.460000	-7.29900009e-14	-8.11000001e-01
4.470000	-7.29900009e-14	-8.11000001e-01
4.480000	-7.29900009e-14	-8.11000001e-01
4.490000	-7.29900009e-14	-8.11000001e-01
4.500000	-7.29900009e-14	-8.11000001e-01
4.510000	-7.29900009e-14	-8.11000001e-01
4.520000	-7.29900009e-14	-8.11000001e-01
4.530000	-7.29900009e-14	-8.11000001e-01
4.540000	-7.29900009e-14	-8.11000001e-01
4.550000	-7.29900009e-14	-8.11000001e-01
4.560000	-7.29900009e-14	-8.11000001e-01
4.570000	-7.29900009e-14	-8.11000001e-01
4.580000	-7.29900009e-14	-8.11000001e-01
4.590000	-7.29900009e-14	-8.11000001e-01
4.600000	-7.29900009e-14	-8.11000001e-01
4.610000	-7.29900009e-14	-8.11000001e-01
4.620000	-7.29900009e-14	-8.11000001e-01
4.630000	-7.29900009e-14	-8.11000001e-01
4.640000	-7.29900009e-14	-8.11000001e-01
4.650000	-7.29900009e-14	-8.11000001e-01
4.660000	-7.29900009e-14	-8.11000001e-01
4.670000	-7.29900009e-14	-8.11000001e-01
4.680000	-7.29900009e-14	-8.11000001e-01
4.690000	-7.29900009e-14	-8.11000001e-01
4.700000	-7.29900009e-14	-8.11000001e-01
4.710000	-7.29900009e-14	-8.11000001e-01
4.720000	-7.29900009e-14	-8.11000001e-01
4.730000	-7.29900009e-14	-8.11000001e-01
4.740000	-7.29900009e-14	-8.11000001e-01
4.750000	-7.29900009e-14	-8.11000001e-01
4.760000	-7.29900009e-14	-8.11000001e-01
4.770000	-7.29900009e-14	-8.11000001e-01
4.780000	-7.29900009e-14	-8.11000001e-01
4.790000	-7.29900009e-14	-8.11000001e-01
4.800000	-7.29900009e-14	-8.11000001e-01
4.810000	2.27592003e-12	2.52880000e+01
4.820000	-6.40800008e-14	-7.12000001e-01
4.830000	-6.40800008e-14	-7.12000001e-01
4.840000	-6.40800008e-14	-7.12000001e-01
4.850000	-6.40800008e-14	-7.12000001e-01
4.860000	-6.40800008e-14	-7.12000001e-01
4.870000	-6.40800008e-14	-7.12000001e-01
4.880000	-6.40800008e-14	-7.12000001e-01
4.890000	-6.40800008e-14	-7.12000001e-01
4.900000	-6.40800008e-14	-7.12000001e-01
4.910000	-6.40800008e-14	-7.12000001e-01
4.920000	-6.40800008e-14	-7.12000001e-01
4.930000	-6.40800008e-14	-7.12000001e-01
4.940000	-6.40800008e-14	-7.12000001e-01
4.950000	-6.40800008e-14	-7.12000001e-01
4.960000	-6.40800008e-14	-7.12000001e-01
4.970000	-6.40800008e-14	-7.12000001e-01
4.980000	-6.40800008e-14	-7.12000001e-01
4.990000	-6.40800008e-14	-7.12000001e-01
5.000000	-6.40800008e-14	-7.12000001e-01
5.010000	-6.40800008e-14	-7.12000001e-01
5.020000	-6.40800008e-14	-7.12000001e-01
5.030000	-6.40800008e-14	-7.12000001e-01
5.040000	-6.40800008e-14	-7.12000001e-01
5.050000	-6.40800008e-14	-7.12000001e-01
5.060000	-6.40800008e-14	-7.12000001e-01
5.070000	-6.40800008e-14	-7.12000001e-01
5.080000	-6.40800008e-14	-7.12000001e-01
5.090000	-6.40800008e-14	-7.12000001e-01
5.100000	-6.40800008e-14	-7.12000001e-01
5.110000	-6.40800008e-14	-7.12000001e-01
5.120000	-6.40800008e-14	-7.12000001e-01
5.130000	-6.40800008e-14	-7.12000001e-01
5.140000	-6.40800008e-14	-7.12000001e-01
5.150000	-6.40800008e-14	-7.12000001e-01
5.160000	-6.40800008e-14	-7.12000001e-01
5.170000	-6.40800008e-14	-7.12000001e-01
5.180000	-6.40800008e-14	-7.12000001e-01
5.190000	-6.40800008e-14	-7.12000001e-01
5.200000	-6.40800008e-14	-7.12000001e-01
5.210000	2.01483002e-12	2.23870000e+01
5.220000	-5.51700007e-14	-6.13000001e-01
5.230000	-5.51700007e-14	-6.13000001e-01
5.240000	-5.51700007e-14	-6.13000001e-01
5.250000	-5.51700007e-14	-6.13000001e-01
5.260000	-5.51700007e-14	-6.13000001e-01
5.270000	-5.51700007e-14	-6.13000001e-01
5.280000	-5.51700007e-14	-6.13000001e-01
5.290000	-5.51700007e-14	-6.13000001e-01
5.300000	-5.51700007e-14	-6.13000001e-01
5.310000	-5.51700007e-14	-6.13000001e-01
5.320000	-5.51700007e-14	-6.13000001e-01
5.330000	-5.51700007e-14	-6.13000001e-01
5.340000	-5.51700007e-14	-6.13000001e-01
5.350000	-5.51700007e-14	-6.13000001e-01
5.360000	-5.51700007e-14	-6.13000001e-01
5.370000	-5.51700007e-14	-6.13000001e-01
5.380000	-5.51700007e-14	-6.13000001e-01
5.390000	-5.51700007e-14	-6.13000001e-01
5.400000	-5.51700007e-14	-6.13000001e-01
5.410000	-5.51700007e-14	-6.13000001e-01
5.420000	-5.51700007e-14	-6.13000001e-01
5.430000	-5.51700007e-14	-6.13000001e-01
5.440000	-5.51700007e-14	-6.13000001e-01
5.450000	-5.51700007e-14	-6.13000001e-01
5.460000	-5.51700007e-14	-6.13000001e-01
5.470000	-5.51700007e-14	-6.13000001e-01
5.480000	-5.51700007e-14	-6.13000001e-01
5.490000	-5.51700007e-14	-6.13000001e-01
5.500000	-5.51700007e-14	-6.13000001e-01
5.510000	-5.51700007e-14	-6.13000001e-01
5.520000	-5.51700007e-14	-6.13000001e-01
5.530000	-5.51700007e-14	-6.13000001e-01
5.540000	-5.51700007e-14	-6.13000001e-01
5.550000	-5.51700007e-14	-6.13000001e-01
5.560000	-5.51700007e-14	-6.13000001e-01
5.570000	-5.51700007e-14	-6.13000001e-01
5.580000	-5.51700007e-14	-6.13000001e-01
5.590000	-5.51700007e-14	-6.13000001e-01
5.600000	-5.51700007e-14	-6.13000001e-01
5.610000	2.02374002e-12	2.24860000e+01
5.620000	-4.62600006e-14	-5.14000001e-01
5.630000	-4.62600006e-14	-5.14000001e-01
5.640000	-4.62600006e-14	-5.14000001e-01
5.650000	-4.62600006e-14	-5.14000001e-01
5.660000	-4.62600006e-14	-5.14000001e-01
5.670000	-4.62600006e-14	-5.14000001e-01
5.680000	-4.62600006e-14	-5.14000001e-01
5.690000	-4.62600006e-14	-5.14000001e-01
5.700000	-4.62600006e-14	-5.14000001e-01
5.710000	-4.62600006e-14	-5.14000001e-01
5.720000	-4.62600006e-14	-5.14000001e-01
5.730000	-4.62600006e-14	-5.14000001e-01
5.740000	-4.62600006e-14	-5.14000001e-01
5.750000	-4.62600006e-14	-5.14000001e-01
5.760000	-4.62600006e-14	-5.14000001e-01
5.770000	-4.62600006e-14	-5.14000001e-01
5.780000	-4.62600006e-14	-5.14000001e-01
5.790000	-4.62600006e-14	-5.14000001e-01
5.800000	-4.62600006e-14	-5.14000001e-01
5.810000	-4.62600006e-14	-5.14000001e-01
5.820000	-4.62600006e-14	-5.14000001e-01
5.830000	-4.62600006e-14	-5.14000001e-01
5.840000	-4.62600006e-14	-5.14000001e-01
5.850000	-4.62600006e-14	-5.14000001e-01
5.860000	-4.62600006e-14	-5.14000001e-01
5.870000	-4.62600006e-14	-5.14000001e-01
5.880000	-4.62600006e-14	-5.14000001e-01
5.890000	-4.62600006e-14	-5.14000001e-01
5.900000	-4.62600006e-14	-5.14000001e-01
5.910000	-4.62600006e-14	-5.14000001e-01
5.920000	-4.62600006e-14	-5.14000001e-01
5.930000	-4.62600006e-14	-5.14000001e-01
5.940000	-4.62600006e-14	-5.14000001e-01
5.950000	-4.62600006e-14	-5.14000001e-01
5.960000	-4.62600006e-14	-5.14000001e-01
5.970000	-4.62600006e-14	-5.14000001e-01
5.980000	-4.62600006e-14	-5.14000001e-01
5.990000	-4.62600006e-14	-5.14000001e-01
6.000000	-4.62600006e-14	-5.14000001e-01
6.010000	2.39265003e-12	2.65850000e+01
6.020000	-3.73500005e-14	-4.15000001e-01
6.030000	-3.73500005e-14	-4.15000001e-01
6.040000	-3.73500005e-14	-4.15000001e-01
6.050000	-3.73500005e-14	-4.15000001e-01
6.060000	-3.73500005e-14	-4.15000001e-01
6.070000	-3.73500005e-14	-4.15000001e-01
6.080000	-3.73500005e-14	-4.15000001e-01
6.090000	-3.73500005e-14	-4.15000001e-01
6.100000	-3.73500005e-14	-4.15000001e-01
6.110000	-3.73500005e-14	-4.15000001e-01
6.120000	-3.73500005e-14	-4.15000001e-01
6.130000	-3.73500005e-14	-4.15000001e-01
6.140000	-3.73500005e-14	-4.15000001e-01
6.150000	-3.73500005e-14	-4.15000001e-01
6.160000	-3.73500005e-14	-4.15000001e-01
6.170000	-3.73500005e-14	-4.15000001e-01
6.180000	-3.73500005e-14	-4.15000001e-01
6.190000	-3.73500005e-14	-4.15000001e-01
6.200000	-3.73500005e-14	-4.15000001e-01
6.210000	-3.73500005e-14	-4.15000001e-01
6.220000	-3.73500005e-14	-4.15000001e-01
6.230000	-3.73500005e-14	-4.15000001e-01
6.240000	-3.73500005e-14	-4.15000001e-01
6.250000	-3.73500005e-14	-4.15000001e-01
6.260000	-3.73500005e-14	-4.15000001e-01
6.270000	-3.73500005e-14	-4.15000001e-01
6.280000	-3.73500005e-14	-4.15000001e-01
6.290000	-3.73500005e-14	-4.15000001e-01
6.300000	-3.73500005e-14	-4.15000001e-01
6.310000	-3.73500005e-14	-4.15000001e-01
6.320000	-3.73500005e-14	-4.15000001e-01
6.330000	-3.73500005e-14	-4.15000001e-01
6.340000	-3.73500005e-14	-4.15000001e-01
6.350000	-3.73500005e-14	-4.15000001e-01
6.360000	-3.73500005e-14	-4.15000001e-01
6.370000	-3.73500005e-14	-4.15000001e-01
6.380000	-3.73500005e-14	-4.15000001e-01
6.390000	-3.73500005e-14	-4.15000001e-01
6.400000	-3.73500005e-14	-4.15000001e-01
6.410000	-3.73500005e-14	-4.15000001e-01
6.420000	-3.73500005e-14	-4.15000001e-01
6.430000	-3.73500005e-14	-4.15000001e-01
6.440000	-3.73500005e-14	-4.15000001e-01
6.450000	-3.73500005e-14	-4.15000001e-01
6.460000	-3.73500005e-14	-4.15000001e-01
6.470000	-3.73500005e-14	-4.15000001e-01
6.480000	-3.73500005e-14	-4.15000001e-01
6.490000	-3.73500005e-14	-4.15000001e-01
6.500000	-3.73500005e-14	-4.15000001e-01
6.510000	-3.73500005e-14	-4.15000001e-01
6.520000	-3.73500005e-14	-4.15000001e-01
6.530000	-3.73500005e-14	-4.15000001e-01
6.540000	-3.73500005e-14	-4.15000001e-01
6.550000	-3.73500005e-14	-4.15000001e-01
6.560000	-3.73500005e-14	-4.15000001e-01
6.570000	-3.73500005e-14	-4.15000001e-01
6.580000	-3.73500005e-14	-4.15000001e-01
6.590000	-3.73500005e-14	-4.15000001e-01
6.600000	-3.73500005e-14	-4.15000001e-01
6.610000	-3.73500005e-14	-4.15000001e-01
6.620000	-3.73500005e-14	-4.15000001e-01
6.630000	-3.73500005e-14	-4.15000001e-01
6.640000	-3.73500005e-14	-4.15000001e-01
6.650000	-3.73500005e-14	-4.15000001e-01
6.660000	-3.73500005e-14	-4.15000001e-01
6.670000	-3.73500005e-14	-4.15000001e-01
6.680000	-3.73500005e-14	-4.15000001e-01
6.690000	-3.73500005e-14	-4.15000001e-01
6.700000	-3.73500005e-14	-4.15000001e-01
6.710000	-3.73500005e-14	-4.15000001e-01
6.720000	-3.73500005e-14	-4.15000001e-01
6.730000	-3.73500005e-14	-4.15000001e-01
6.740000	-3.73500005e-14	-4.15000001e-01
6.750000	-3.73500005e-14	-4.15000001e-01
6.760000	-3.73500005e-14	-4.15000001e-01
6.770000	-3.73500005e-14	-4.15000001e-01
6.780000	-3.73500005e-14	-4.15000001e-01
6.790000	-3.73500005e-14	-4.15000001e-01
6.800000	-3.73500005e-14	-4.15000001e-01
6.810000	-3.73500005e-14	-4.15000001e-01
6.820000	-3.73500005e-14	-4.15000001e-01
6.830000	-3.73500005e-14	-4.15000001e-01
6.840000	-3.73500005e-14	-4.15000001e-01
6.850000	-3.73500005e-14	-4.15000001e-01
6.860000	-3.73500005e-14	-4.15000001e-01
6.870000	-3.73500005e-14	-4.15000001e-01
6.880000	-3.73500005e-14	-4.15000001e-01
6.890000	-3.73500005e-14	-4.15000001e-01
6.900000	-3.73500005e-14	-4.15000001e-01
6.910000	-3.73500005e-14	-4.15000001e-01
6.920000	-3.73500005e-14	-4.15000001e-01
6.930000	-3.73500005e-14	-4.15000001e-01
6.940000	-3.73500005e-14	-4.15000001e-01
6.950000	-3.73500005e-14	-4.15000001e-01
6.960000	-3.73500005e-14	-4.15000001e-01
6.970000	-3.73500005e-14	-4.15000001e-01
6.980000	-3.73500005e-14	-4.15000001e-01
6.990000	-3.73500005e-14	-4.15000001e-01
7.000000	-3.73500005e-14	-4.15000001e-01
