0.000000	0.00000000e+00	0.00000000e+00
0.010000	9.50343311e-08	1.05593700e+06
0.020000	8.99701210e-08	9.99668000e+05
0.030000	8.53725609e-08	9.48584000e+05
0.040000	8.11951209e-08	9.02168000e+05
0.050000	7.74142209e-08	8.60158000e+05
0.060000	7.40232008e-08	8.22480000e+05
0.070000	7.08814808e-08	7.87572000e+05
0.080000	6.80119208e-08	7.55688000e+05
0.090000	6.53637607e-08	7.26264000e+05
0.100000	6.28900207e-08	6.98778000e+05
0.110000	6.05728807e-08	6.73032000e+05
0.120000	5.84226006e-08	6.49140000e+05
0.130000	5.64456606e-08	6.27174000e+05
0.140000	5.45986806e-08	6.06652000e+05
0.150000	5.28624006e-08	5.87360000e+05
0.160000	5.12553606e-08	5.69504000e+05
0.170000	4.97154606e-08	5.52394000e+05
0.180000	4.82572805e-08	5.36192000e+05
0.190000	4.69058405e-08	5.21176000e+05
0.200000	4.56492605e-08	5.07214000e+05
0.210000	4.44420005e-08	4.93800000e+05
0.220000	4.32880205e-08	4.80978000e+05
0.230000	4.21896605e-08	4.68774000e+05
0.240000	4.11321605e-08	4.57024000e+05
0.250000	4.01533204e-08	4.46148000e+05
0.260000	3.92194804e-08	4.35772000e+05
0.270000	3.83200204e-08	4.25778000e+05
0.280000	3.74495404e-08	4.16106000e+05
0.290000	3.66249604e-08	4.06944000e+05
0.300000	3.58320604e-08	3.98134000e+05
0.310000	3.50847004e-08	3.89830000e+05
0.320000	3.43746004e-08	3.81940000e+05
0.330000	3.36868204e-08	3.74298000e+05
0.340000	3.30037204e-08	3.66708000e+05
0.350000	3.23802004e-08	3.59780000e+05
0.360000	3.17610004e-08	3.52900000e+05
0.370000	3.11652003e-08	3.46280000e+05
0.380000	3.05962203e-08	3.39958000e+05
0.390000	3.00553203e-08	3.33948000e+05
0.400000	2.95268403e-08	3.28076000e+05
0.410000	1.21264111e-07	1.34737900e+06
0.420000	1.13040991e-07	1.25601100e+06
0.430000	1.05845491e-07	1.17606100e+06
0.440000	9.95076911e-08	1.10564100e+06
0.450000	9.39757510e-08	1.04417500e+06
0.460000	8.89841710e-08	9.88713000e+05
0.470000	8.44623909e-08	9.38471000e+05
0.480000	8.03735109e-08	8.93039000e+05
0.490000	7.66361709e-08	8.51513000e+05
0.500000	7.32746708e-08	8.14163000e+05
0.510000	7.02011708e-08	7.80013000e+05
0.520000	6.73445707e-08	7.48273000e+05
0.530000	6.47412307e-08	7.19347000e+05
0.540000	6.23088907e-08	6.92321000e+05
0.550000	6.00405307e-08	6.67117000e+05
0.560000	5.79775506e-08	6.44195000e+05
0.570000	5.60047506e-08	6.22275000e+05
0.580000	5.41710906e-08	6.01901000e+05
0.590000	5.24645106e-08	5.82939000e+05
0.600000	5.08749306e-08	5.65277000e+05
0.610000	4.93742705e-08	5.48603000e+05
0.620000	4.79632505e-08	5.32925000e+05
0.630000	4.66269305e-08	5.18077000e+05
0.640000	4.53861905e-08	5.04291000e+05
0.650000	4.41756905e-08	4.90841000e+05
0.660000	4.30431305e-08	4.78257000e+05
0.670000	4.19645705e-08	4.66273000e+05
0.680000	4.09473905e-08	4.54971000e+05
0.690000	3.99665704e-08	4.44073000e+05
0.700000	3.90458704e-08	4.33843000e+05
0.710000	3.81433504e-08	4.23815000e+05
0.720000	3.72962704e-08	4.14403000e+05
0.730000	3.64727704e-08	4.05253000e+05
0.740000	3.56897704e-08	3.96553000e+05
0.750000	3.49431304e-08	3.88257000e+05
0.760000	3.42290704e-08	3.80323000e+05
0.770000	3.35454304e-08	3.72727000e+05
0.780000	3.28904104e-08	3.65449000e+05
0.790000	3.22586104e-08	3.58429000e+05
0.800000	3.16451704e-08	3.51613000e+05
0.810000	1.23052051e-07	1.36724500e+06
0.820000	1.14550561e-07	1.27278400e+06
0.830000	1.07123041e-07	1.19025600e+06
0.840000	1.00630801e-07	1.11812000e+06
0.850000	9.48875411e-08	1.05430600e+06
0.860000	8.97291010e-08	9.96990000e+05
0.870000	8.51869809e-08	9.46522000e+05
0.880000	8.10610209e-08	9.00678000e+05
0.890000	7.72878609e-08	8.58754000e+05
0.900000	7.38691208e-08	8.20768000e+05
0.910000	7.07554808e-08	7.86172000e+05
0.920000	6.78816008e-08	7.54240000e+05
0.930000	6.52075207e-08	7.24528000e+05
0.940000	6.27685207e-08	6.97428000e+05
0.950000	6.04861207e-08	6.72068000e+05
0.960000	5.83407006e-08	6.48230000e+05
0.970000	5.63592606e-08	6.26214000e+05
0.980000	5.45461206e-08	6.06068000e+05
0.990000	5.28267606e-08	5.86964000e+05
1.000000	5.11896606e-08	5.68774000e+05
1.010000	4.96564206e-08	5.51738000e+05
1.020000	4.82275805e-08	5.35862000e+05
1.030000	4.68772205e-08	5.20858000e+05
1.040000	4.55785205e-08	5.06428000e+05
1.050000	4.43491205e-08	4.92768000e+05
1.060000	4.32003605e-08	4.80004000e+05
1.070000	4.21111805e-08	4.67902000e+05
1.080000	4.10572805e-08	4.56192000e+05
1.090000	4.00510804e-08	4.45012000e+05
1.100000	3.91033804e-08	4.34482000e+05
1.110000	3.81848404e-08	4.24276000e+05
1.120000	3.73343404e-08	4.14826000e+05
1.130000	3.65220004e-08	4.05800000e+05
1.140000	3.57307204e-08	3.97008000e+05
1.150000	3.49691404e-08	3.88546000e+05
1.160000	3.42343804e-08	3.80382000e+05
1.170000	3.35512804e-08	3.72792000e+05
1.180000	3.28896004e-08	3.65440000e+05
1.190000	3.22592404e-08	3.58436000e+05
1.200000	3.16391404e-08	3.51546000e+05
1.210000	1.23017761e-07	1.36686400e+06
1.220000	1.14518071e-07	1.27242300e+06
1.230000	1.07160211e-07	1.19066900e+06
1.240000	1.00713151e-07	1.11903500e+06
1.250000	9.49266911e-08	1.05474100e+06
1.260000	8.97623110e-08	9.97359000e+05
1.270000	8.51622309e-08	9.46247000e+05
1.280000	8.10234909e-08	9.00261000e+05
1.290000	7.73298909e-08	8.59221000e+05
1.300000	7.38906308e-08	8.21007000e+05
1.310000	7.07211908e-08	7.85791000e+05
1.320000	6.78064508e-08	7.53405000e+05
1.330000	6.51334507e-08	7.23705000e+05
1.340000	6.26408107e-08	6.96009000e+05
1.350000	6.03474307e-08	6.70527000e+05
1.360000	5.82124506e-08	6.46805000e+05
1.370000	5.62500906e-08	6.25001000e+05
1.380000	5.43944706e-08	6.04383000e+05
1.390000	5.26623306e-08	5.85137000e+05
1.400000	5.10761706e-08	5.67513000e+05
1.410000	4.95593106e-08	5.50659000e+05
1.420000	4.81347905e-08	5.34831000e+05
1.430000	4.67644505e-08	5.19605000e+05
1.440000	4.54711505e-08	5.05235000e+05
1.450000	4.42626305e-08	4.91807000e+05
1.460000	4.31318705e-08	4.79243000e+05
1.470000	4.20333305e-08	4.67037000e+05
1.480000	4.10008505e-08	4.55565000e+05
1.490000	4.00081504e-08	4.44535000e+05
1.500000	3.90865504e-08	4.34295000e+05
1.510000	3.81942904e-08	4.24381000e+05
1.520000	3.73056304e-08	4.14507000e+05
1.530000	3.64974304e-08	4.05527000e+05
1.540000	3.57153304e-08	3.96837000e+05
1.550000	3.49697704e-08	3.88553000e+05
1.560000	3.42555304e-08	3.80617000e+05
1.570000	3.35612704e-08	3.72903000e+05
1.580000	3.28904104e-08	3.65449000e+05
1.590000	3.22582504e-08	3.58425000e+05
1.600000	3.16451704e-08	3.51613000e+05
1.610000	1.23039631e-07	1.36710700e+06
1.620000	1.14572881e-07	1.27303200e+06
1.630000	1.07174701e-07	1.19083000e+06
1.640000	1.00684441e-07	1.11871600e+06
1.650000	9.49359611e-08	1.05484400e+06
1.660000	8.98266610e-08	9.98074000e+05
1.670000	8.52393609e-08	9.47104000e+05
1.680000	8.10559809e-08	9.00622000e+05
1.690000	7.72968609e-08	8.58854000e+05
1.700000	7.38540008e-08	8.20600000e+05
1.710000	7.07293808e-08	7.85882000e+05
1.720000	6.78736808e-08	7.54152000e+05
1.730000	6.52318207e-08	7.24798000e+05
1.740000	6.27501607e-08	6.97224000e+05
1.750000	6.04636207e-08	6.71818000e+05
1.760000	5.83716606e-08	6.48574000e+05
1.770000	5.64375606e-08	6.27084000e+05
1.780000	5.45972406e-08	6.06636000e+05
1.790000	5.28827406e-08	5.87586000e+05
1.800000	5.12764206e-08	5.69738000e+05
1.810000	4.97669406e-08	5.52966000e+05
1.820000	4.83345005e-08	5.37050000e+05
1.830000	4.69675805e-08	5.21862000e+05
1.840000	4.56946205e-08	5.07718000e+05
1.850000	4.44654005e-08	4.94060000e+05
1.860000	4.33386005e-08	4.81540000e+05
1.870000	4.22047805e-08	4.68942000e+05
1.880000	4.11462005e-08	4.57180000e+05
1.890000	4.01529604e-08	4.46144000e+05
1.900000	3.92000404e-08	4.35556000e+05
1.910000	3.83000404e-08	4.25556000e+05
1.920000	3.74419804e-08	4.16022000e+05
1.930000	3.66138004e-08	4.06820000e+05
1.940000	3.58255804e-08	3.98062000e+05
1.950000	3.50895604e-08	3.89884000e+05
1.960000	3.43605604e-08	3.81784000e+05
1.970000	3.36877204e-08	3.74308000e+05
1.980000	3.30139804e-08	3.66822000e+05
1.990000	3.23859604e-08	3.59844000e+05
2.000000	3.17779204e-08	3.53088000e+05
2.010000	1.23125851e-07	1.36806500e+06
2.020000	1.14691591e-07	1.27435100e+06
2.030000	1.07292511e-07	1.19213900e+06
2.040000	1.00861111e-07	1.12067900e+06
2.050000	9.51192911e-08	1.05688100e+06
2.060000	8.99952310e-08	9.99947000e+05
2.070000	8.54295309e-08	9.49217000e+05
2.080000	8.12339109e-08	9.02599000e+05
2.090000	7.75050309e-08	8.61167000e+05
2.100000	7.40529908e-08	8.22811000e+05
2.110000	7.08903908e-08	7.87671000e+05
2.120000	6.79846508e-08	7.55385000e+05
2.130000	6.53019307e-08	7.25577000e+05
2.140000	6.28429507e-08	6.98255000e+05
2.150000	6.05362507e-08	6.72625000e+05
2.160000	5.84165706e-08	6.49073000e+05
2.170000	5.64732906e-08	6.27481000e+05
2.180000	5.46516906e-08	6.07241000e+05
2.190000	5.29173906e-08	5.87971000e+05
2.200000	5.12649906e-08	5.69611000e+05
2.210000	4.97328306e-08	5.52587000e+05
2.220000	4.82971505e-08	5.36635000e+05
2.230000	4.69422905e-08	5.21581000e+05
2.240000	4.56830105e-08	5.07589000e+05
2.250000	4.44374105e-08	4.93749000e+05
2.260000	4.32850505e-08	4.80945000e+05
2.270000	4.21955105e-08	4.68839000e+05
2.280000	4.11488105e-08	4.57209000e+05
2.290000	4.01908504e-08	4.46565000e+05
2.300000	3.92361304e-08	4.35957000e+05
2.310000	3.83440504e-08	4.26045000e+05
2.320000	3.75021904e-08	4.16691000e+05
2.330000	3.66738304e-08	4.07487000e+05
2.340000	3.58658104e-08	3.98509000e+05
2.350000	3.51256504e-08	3.90285000e+05
2.360000	3.44135704e-08	3.82373000e+05
2.370000	3.37171504e-08	3.74635000e+05
2.380000	3.30538504e-08	3.67265000e+05
2.390000	3.24150304e-08	3.60167000e+05
2.400000	3.17979904e-08	3.53311000e+05
2.410000	1.23227191e-07	1.36919100e+06
2.420000	1.14708061e-07	1.27453400e+06
2.430000	1.07361901e-07	1.19291000e+06
2.440000	1.00839241e-07	1.12043600e+06
2.450000	9.50668211e-08	1.05629800e+06
2.460000	9.00054010e-08	1.00006000e+06
2.470000	8.53662609e-08	9.48514000e+05
2.480000	8.12131209e-08	9.02368000e+05
2.490000	7.74378009e-08	8.60420000e+05
2.500000	7.40503808e-08	8.22782000e+05
2.510000	7.09054208e-08	7.87838000e+05
2.520000	6.80448608e-08	7.56054000e+05
2.530000	6.53729407e-08	7.26366000e+05
2.540000	6.29092807e-08	6.98992000e+05
2.550000	6.06468607e-08	6.73854000e+05
2.560000	5.85199807e-08	6.50222000e+05
2.570000	5.65248606e-08	6.28054000e+05
2.580000	5.46958806e-08	6.07732000e+05
2.590000	5.29363806e-08	5.88182000e+05
2.600000	5.13354606e-08	5.70394000e+05
2.610000	4.97880006e-08	5.53200000e+05
2.620000	4.83877805e-08	5.37642000e+05
2.630000	4.70158205e-08	5.22398000e+05
2.640000	4.57092005e-08	5.07880000e+05
2.650000	4.44816005e-08	4.94240000e+05
2.660000	4.33159205e-08	4.81288000e+05
2.670000	4.22229605e-08	4.69144000e+05
2.680000	4.11737405e-08	4.57486000e+05
2.690000	4.01563804e-08	4.46182000e+05
2.700000	3.92004004e-08	4.35560000e+05
2.710000	3.83097604e-08	4.25664000e+05
2.720000	3.74558404e-08	4.16176000e+05
2.730000	3.66388204e-08	4.07098000e+05
2.740000	3.58480804e-08	3.98312000e+05
2.750000	3.51082804e-08	3.90092000e+05
2.760000	3.43737004e-08	3.81930000e+05
2.770000	3.36835804e-08	3.74262000e+05
2.780000	3.30042604e-08	3.66714000e+05
2.790000	3.23838004e-08	3.59820000e+05
2.800000	3.17647804e-08	3.52942000e+05
2.810000	1.23173281e-07	1.36859200e+06
2.820000	1.14655411e-07	1.27394900e+06
2.830000	1.07250751e-07	1.19167500e+06
2.840000	1.00783531e-07	1.11981700e+06
2.850000	9.50514311e-08	1.05612700e+06
2.860000	8.99111710e-08	9.99013000e+05
2.870000	8.53497909e-08	9.48331000e+05
2.880000	8.12171709e-08	9.02413000e+05
2.890000	7.74551709e-08	8.60613000e+05
2.900000	7.40470508e-08	8.22745000e+05
2.910000	7.09190108e-08	7.87989000e+05
2.920000	6.80267708e-08	7.55853000e+05
2.930000	6.53490907e-08	7.26101000e+05
2.940000	6.28519507e-08	6.98355000e+05
2.950000	6.05749507e-08	6.73055000e+05
2.960000	5.84095506e-08	6.48995000e+05
2.970000	5.64320706e-08	6.27023000e+05
2.980000	5.45870706e-08	6.06523000e+05
2.990000	5.28565506e-08	5.87295000e+05
3.000000	5.12504106e-08	5.69449000e+05
3.010000	4.97103306e-08	5.52337000e+05
3.020000	4.82525105e-08	5.36139000e+05
3.030000	4.68866705e-08	5.20963000e+05
3.040000	4.56169505e-08	5.06855000e+05
3.050000	4.43952905e-08	4.93281000e+05
3.060000	4.32279905e-08	4.80311000e+05
3.070000	4.20986705e-08	4.67763000e+05
3.080000	4.10667305e-08	4.56297000e+05
3.090000	4.00823104e-08	4.45359000e+05
3.100000	3.91293904e-08	4.34771000e+05
3.110000	3.82466704e-08	4.24963000e+05
3.120000	3.73850104e-08	4.15389000e+05
3.130000	3.65825704e-08	4.06473000e+05
3.140000	3.57876904e-08	3.97641000e+05
3.150000	3.50466304e-08	3.89407000e+05
3.160000	3.43277104e-08	3.81419000e+05
3.170000	3.36433504e-08	3.73815000e+05
3.180000	3.29771704e-08	3.66413000e+05
3.190000	3.23385304e-08	3.59317000e+05
3.200000	3.17076304e-08	3.52307000e+05
3.210000	1.23134581e-07	1.36816200e+06
3.220000	1.14689881e-07	1.27433200e+06
3.230000	1.07236621e-07	1.19151800e+06
3.240000	1.00768681e-07	1.11965200e+06
3.250000	9.50560211e-08	1.05617800e+06
3.260000	8.99717410e-08	9.99686000e+05
3.270000	8.54267409e-08	9.49186000e+05
3.280000	8.12601009e-08	9.02890000e+05
3.290000	7.74676809e-08	8.60752000e+05
3.300000	7.39922408e-08	8.22136000e+05
3.310000	7.08924608e-08	7.87694000e+05
3.320000	6.80261408e-08	7.55846000e+05
3.330000	6.53355007e-08	7.25950000e+05
3.340000	6.28554607e-08	6.98394000e+05
3.350000	6.05457007e-08	6.72730000e+05
3.360000	5.84524806e-08	6.49472000e+05
3.370000	5.64843606e-08	6.27604000e+05
3.380000	5.46193806e-08	6.06882000e+05
3.390000	5.28908406e-08	5.87676000e+05
3.400000	5.12674206e-08	5.69638000e+05
3.410000	4.97597406e-08	5.52886000e+05
3.420000	4.83472805e-08	5.37192000e+05
3.430000	4.70161805e-08	5.22402000e+05
3.440000	4.57106405e-08	5.07896000e+05
3.450000	4.44994205e-08	4.94438000e+05
3.460000	4.33314005e-08	4.81460000e+05
3.470000	4.22258405e-08	4.69176000e+05
3.480000	4.12115405e-08	4.57906000e+05
3.490000	4.02181204e-08	4.46868000e+05
3.500000	3.92751004e-08	4.36390000e+05
3.510000	3.83439604e-08	4.26044000e+05
3.520000	3.74713204e-08	4.16348000e+05
3.530000	3.66381004e-08	4.07090000e+05
3.540000	3.58630204e-08	3.98478000e+05
3.550000	3.51079204e-08	3.90088000e+05
3.560000	3.43834204e-08	3.82038000e+05
3.570000	3.37096804e-08	3.74552000e+05
3.580000	3.30336004e-08	3.67040000e+05
3.590000	3.23910004e-08	3.59900000e+05
3.600000	3.17766604e-08	3.53074000e+05
3.610000	1.23120361e-07	1.36800400e+06
3.620000	1.14679531e-07	1.27421700e+06
3.630000	1.07247511e-07	1.19163900e+06
3.640000	1.00802251e-07	1.12002500e+06
3.650000	9.51304511e-08	1.05700500e+06
3.660000	9.00321310e-08	1.00035700e+06
3.670000	8.54282709e-08	9.49203000e+05
3.680000	8.12610909e-08	9.02901000e+05
3.690000	7.75046709e-08	8.61163000e+05
3.700000	7.40357108e-08	8.22619000e+05
3.710000	7.08574508e-08	7.87305000e+05
3.720000	6.80004908e-08	7.55561000e+05
3.730000	6.53265907e-08	7.25851000e+05
3.740000	6.28469107e-08	6.98299000e+05
3.750000	6.05567707e-08	6.72853000e+05
3.760000	5.84333106e-08	6.49259000e+05
3.770000	5.64732906e-08	6.27481000e+05
3.780000	5.46491706e-08	6.07213000e+05
3.790000	5.29141506e-08	5.87935000e+05
3.800000	5.12995506e-08	5.69995000e+05
3.810000	4.97594706e-08	5.52883000e+05
3.820000	4.83408905e-08	5.37121000e+05
3.830000	4.69750505e-08	5.21945000e+05
3.840000	4.56849905e-08	5.07611000e+05
3.850000	4.44476705e-08	4.93863000e+05
3.860000	4.33044905e-08	4.81161000e+05
3.870000	4.22043305e-08	4.68937000e+05
3.880000	4.11452105e-08	4.57169000e+05
3.890000	4.01681704e-08	4.46313000e+05
3.900000	3.92235304e-08	4.35817000e+05
3.910000	3.83138104e-08	4.25709000e+05
3.920000	3.74534104e-08	4.16149000e+05
3.930000	3.66363904e-08	4.07071000e+05
3.940000	3.58443904e-08	3.98271000e+05
3.950000	3.50876704e-08	3.89863000e+05
3.960000	3.43493104e-08	3.81659000e+05
3.970000	3.36552304e-08	3.73947000e+05
3.980000	3.29719504e-08	3.66355000e+05
3.990000	3.23320504e-08	3.59245000e+05
4.000000	3.17056504e-08	3.52285000e+05
4.010000	1.23032701e-07	1.36703000e+06
4.020000	1.14574861e-07	1.27305400e+06
4.030000	1.07137531e-07	1.19041700e+06
4.040000	1.00688851e-07	1.11876500e+06
4.050000	9.50100311e-08	1.05566700e+06
4.060000	8.98355710e-08	9.98173000e+05
4.070000	8.52434109e-08	9.47149000e+05
4.080000	8.10996309e-08	9.01107000e+05
4.090000	7.73163909e-08	8.59071000e+05
4.100000	7.38870308e-08	8.20967000e+05
4.110000	7.07751908e-08	7.86391000e+05
4.120000	6.79112108e-08	7.54569000e+05
4.130000	6.52229107e-08	7.24699000e+05
4.140000	6.27254107e-08	6.96949000e+05
4.150000	6.04876507e-08	6.72085000e+05
4.160000	5.83658106e-08	6.48509000e+05
4.170000	5.63901306e-08	6.26557000e+05
4.180000	5.45256906e-08	6.05841000e+05
4.190000	5.27912106e-08	5.86569000e+05
4.200000	5.11773306e-08	5.68637000e+05
4.210000	4.96602906e-08	5.51781000e+05
4.220000	4.82152505e-08	5.35725000e+05
4.230000	4.68189905e-08	5.20211000e+05
4.240000	4.55415305e-08	5.06017000e+05
4.250000	4.43196905e-08	4.92441000e+05
4.260000	4.31756105e-08	4.79729000e+05
4.270000	4.20831905e-08	4.67591000e+05
4.280000	4.10514305e-08	4.56127000e+05
4.290000	4.00682704e-08	4.45203000e+05
4.300000	3.91369504e-08	4.34855000e+05
4.310000	3.82403704e-08	4.24893000e+05
4.320000	3.73716904e-08	4.15241000e+05
4.330000	3.65507104e-08	4.06119000e+05
4.340000	3.57761704e-08	3.97513000e+05
4.350000	3.50270104e-08	3.89189000e+05
4.360000	3.43129504e-08	3.81255000e+05
4.370000	3.36077104e-08	3.73419000e+05
4.380000	3.29462104e-08	3.66069000e+05
4.390000	3.23014504e-08	3.58905000e+05
4.400000	3.16781104e-08	3.51979000e+05
4.410000	1.23042961e-07	1.36714400e+06
4.420000	1.14490981e-07	1.27212200e+06
4.430000	1.07119621e-07	1.19021800e+06
4.440000	1.00621081e-07	1.11801200e+06
4.450000	9.49095011e-08	1.05455000e+06
4.460000	8.97712210e-08	9.97458000e+05
4.470000	8.51569209e-08	9.46188000e+05
4.480000	8.10271809e-08	9.00302000e+05
4.490000	7.72898409e-08	8.58776000e+05
4.500000	7.38547208e-08	8.20608000e+05
4.510000	7.07220008e-08	7.85800000e+05
4.520000	6.78720608e-08	7.54134000e+05
4.530000	6.52042807e-08	7.24492000e+05
4.540000	6.27435007e-08	6.97150000e+05
4.550000	6.04508407e-08	6.71676000e+05
4.560000	5.83367406e-08	6.48186000e+05
4.570000	5.63763606e-08	6.26404000e+05
4.580000	5.45490006e-08	6.06100000e+05
4.590000	5.28201006e-08	5.86890000e+05
4.600000	5.12186406e-08	5.69096000e+05
4.610000	4.96906206e-08	5.52118000e+05
4.620000	4.82382005e-08	5.35980000e+05
4.630000	4.68784805e-08	5.20872000e+05
4.640000	4.55886005e-08	5.06540000e+05
4.650000	4.43516405e-08	4.92796000e+05
4.660000	4.32009005e-08	4.80010000e+05
4.670000	4.21284605e-08	4.68094000e+05
4.680000	4.10783405e-08	4.56426000e+05
4.690000	4.00638604e-08	4.45154000e+05
4.700000	3.91271404e-08	4.34746000e+05
4.710000	3.82478404e-08	4.24976000e+05
4.720000	3.73707004e-08	4.15230000e+05
4.730000	3.65335204e-08	4.05928000e+05
4.740000	3.57512404e-08	3.97236000e+05
4.750000	3.50118004e-08	3.89020000e+05
4.760000	3.42925204e-08	3.81028000e+05
4.770000	3.36078004e-08	3.73420000e+05
4.780000	3.29473804e-08	3.66082000e+05
4.790000	3.23026204e-08	3.58918000e+05
4.800000	3.16771204e-08	3.51968000e+05
4.810000	1.23065191e-07	1.36739100e+06
4.820000	1.14585211e-07	1.27316900e+06
4.830000	1.07198911e-07	1.19109900e+06
4.840000	1.00754011e-07	1.11948900e+06
4.850000	9.50125511e-08	1.05569500e+06
4.860000	8.99246710e-08	9.99163000e+05
4.870000	8.52605109e-08	9.47339000e+05
4.880000	8.11293309e-08	9.01437000e+05
4.890000	7.73262909e-08	8.59181000e+05
4.900000	7.38726308e-08	8.20807000e+05
4.910000	7.07503508e-08	7.86115000e+05
4.920000	6.78818708e-08	7.54243000e+05
4.930000	6.52104907e-08	7.24561000e+05
4.940000	6.27833707e-08	6.97593000e+05
4.950000	6.04784707e-08	6.71983000e+05
4.960000	5.83899306e-08	6.48777000e+05
4.970000	5.64408906e-08	6.27121000e+05
4.980000	5.46196506e-08	6.06885000e+05
4.990000	5.28983106e-08	5.87759000e+05
5.000000	5.13071106e-08	5.70079000e+05
5.010000	4.97465106e-08	5.52739000e+05
5.020000	4.82690705e-08	5.36323000e+05
5.030000	4.69167305e-08	5.21297000e+05
5.040000	4.56279305e-08	5.06977000e+05
5.050000	4.44141905e-08	4.93491000e+05
5.060000	4.32551705e-08	4.80613000e+05
5.070000	4.21236905e-08	4.68041000e+05
5.080000	4.11041705e-08	4.56713000e+05
5.090000	4.00985104e-08	4.45539000e+05
5.100000	3.91628704e-08	4.35143000e+05
5.110000	3.82599904e-08	4.25111000e+05
5.120000	3.73904104e-08	4.15449000e+05
5.130000	3.65726704e-08	4.06363000e+05
5.140000	3.57862504e-08	3.97625000e+05
5.150000	3.50261104e-08	3.89179000e+05
5.160000	3.42906304e-08	3.81007000e+05
5.170000	3.35889904e-08	3.73211000e+05
5.180000	3.29233504e-08	3.65815000e+05
5.190000	3.22883104e-08	3.58759000e+05
5.200000	3.16561504e-08	3.51735000e+05
5.210000	1.23010831e-07	1.36678700e+06
5.220000	1.14539941e-07	1.27266600e+06
5.230000	1.07232481e-07	1.19147200e+06
5.240000	1.00773001e-07	1.11970000e+06
5.250000	9.50279411e-08	1.05586600e+06
5.260000	8.99085610e-08	9.98984000e+05
5.270000	8.53122609e-08	9.47914000e+05
5.280000	8.11656009e-08	9.01840000e+05
5.290000	7.73938809e-08	8.59932000e+05
5.300000	7.39724408e-08	8.21916000e+05
5.310000	7.08615008e-08	7.87350000e+05
5.320000	6.79786208e-08	7.55318000e+05
5.330000	6.53333407e-08	7.25926000e+05
5.340000	6.28666207e-08	6.98518000e+05
5.350000	6.05593807e-08	6.72882000e+05
5.360000	5.84092806e-08	6.48992000e+05
5.370000	5.64283806e-08	6.26982000e+05
5.380000	5.45743806e-08	6.06382000e+05
5.390000	5.28406206e-08	5.87118000e+05
5.400000	5.12312406e-08	5.69236000e+05
5.410000	4.97169006e-08	5.52410000e+05
5.420000	4.82740205e-08	5.36378000e+05
5.430000	4.69171805e-08	5.21302000e+05
5.440000	4.56256805e-08	5.06952000e+05
5.450000	4.44159005e-08	4.93510000e+05
5.460000	4.32835205e-08	4.80928000e+05
5.470000	4.21795805e-08	4.68662000e+05
5.480000	4.11330605e-08	4.57034000e+05
5.490000	4.01495404e-08	4.46106000e+05
5.500000	3.91892404e-08	4.35436000e+05
5.510000	3.82739404e-08	4.25266000e+05
5.520000	3.74122804e-08	4.15692000e+05
5.530000	3.65914804e-08	4.06572000e+05
5.540000	3.58088404e-08	3.97876000e+05
5.550000	3.50546404e-08	3.89496000e+05
5.560000	3.43386004e-08	3.81540000e+05
5.570000	3.36513604e-08	3.73904000e+05
5.580000	3.29682604e-08	3.66314000e+05
5.590000	3.23267404e-08	3.59186000e+05
5.600000	3.17221204e-08	3.52468000e+05
5.610000	1.23110821e-07	1.36789800e+06
5.620000	1.14697531e-07	1.27441700e+06
5.630000	1.07382511e-07	1.19313900e+06
5.640000	1.00883071e-07	1.12092300e+06
5.650000	9.51369311e-08	1.05707700e+06
5.660000	9.00218710e-08	1.00024300e+06
5.670000	8.54156709e-08	9.49063000e+05
5.680000	8.11932309e-08	9.02147000e+05
5.690000	7.74188109e-08	8.60209000e+05
5.700000	7.39622708e-08	8.21803000e+05
5.710000	7.08542108e-08	7.87269000e+05
5.720000	6.79664708e-08	7.55183000e+05
5.730000	6.52976107e-08	7.25529000e+05
5.740000	6.28514107e-08	6.98349000e+05
5.750000	6.05873707e-08	6.73193000e+05
5.760000	5.84174706e-08	6.49083000e+05
5.770000	5.64668106e-08	6.27409000e+05
5.780000	5.46518706e-08	6.07243000e+05
5.790000	5.29370106e-08	5.88189000e+05
5.800000	5.12954106e-08	5.69949000e+05
5.810000	4.97717106e-08	5.53019000e+05
5.820000	4.83286505e-08	5.36985000e+05
5.830000	4.69516505e-08	5.21685000e+05
5.840000	4.56930905e-08	5.07701000e+05
5.850000	4.44570305e-08	4.93967000e+05
5.860000	4.33118705e-08	4.81243000e+05
5.870000	4.22059505e-08	4.68955000e+05
5.880000	4.11653705e-08	4.57393000e+05
5.890000	4.02056104e-08	4.46729000e+05
5.900000	3.92643904e-08	4.36271000e+05
5.910000	3.83660104e-08	4.26289000e+05
5.920000	3.75005704e-08	4.16673000e+05
5.930000	3.66806704e-08	4.07563000e+05
5.940000	3.58868704e-08	3.98743000e+05
5.950000	3.51260104e-08	3.90289000e+05
5.960000	3.44078104e-08	3.82309000e+05
5.970000	3.37083304e-08	3.74537000e+05
5.980000	3.30453904e-08	3.67171000e+05
5.990000	3.24090904e-08	3.60101000e+05
6.000000	3.17967304e-08	3.53297000e+05
6.010000	1.23200731e-07	1.36889700e+06
6.020000	1.14751981e-07	1.27502200e+06
6.030000	1.07321401e-07	1.19246000e+06
6.040000	1.00820161e-07	1.12022400e+06
6.050000	9.51111011e-08	1.05679000e+06
6.060000	8.99944210e-08	9.99938000e+05
6.070000	8.53525809e-08	9.48362000e+05
6.080000	8.11326609e-08	9.01474000e+05
6.090000	7.73748009e-08	8.59720000e+05
6.100000	7.39695608e-08	8.21884000e+05
6.110000	7.08674408e-08	7.87416000e+05
6.120000	6.80099408e-08	7.55666000e+05
6.130000	6.53025607e-08	7.25584000e+05
6.140000	6.28768807e-08	6.98632000e+05
6.150000	6.05723407e-08	6.73026000e+05
6.160000	5.84164806e-08	6.49072000e+05
6.170000	5.64226206e-08	6.26918000e+05
6.180000	5.45547606e-08	6.06164000e+05
6.190000	5.28559206e-08	5.87288000e+05
6.200000	5.12145006e-08	5.69050000e+05
6.210000	4.96816206e-08	5.52018000e+05
6.220000	4.82034605e-08	5.35594000e+05
6.230000	4.68725405e-08	5.20806000e+05
6.240000	4.56021005e-08	5.06690000e+05
6.250000	4.43970005e-08	4.93300000e+05
6.260000	4.32534605e-08	4.80594000e+05
6.270000	4.21599605e-08	4.68444000e+05
6.280000	4.11190205e-08	4.56878000e+05
6.290000	4.01331604e-08	4.45924000e+05
6.300000	3.91654804e-08	4.35172000e+05
6.310000	3.82663804e-08	4.25182000e+05
6.320000	3.73926604e-08	4.15474000e+05
6.330000	3.65815804e-08	4.06462000e+05
6.340000	3.57955204e-08	3.97728000e+05
6.350000	3.50469004e-08	3.89410000e+05
6.360000	3.43472404e-08	3.81636000e+05
6.370000	3.36477604e-08	3.73864000e+05
6.380000	3.29718604e-08	3.66354000e+05
6.390000	3.23236804e-08	3.59152000e+05
6.400000	3.17070004e-08	3.52300000e+05
6.410000	3.11245203e-08	3.45828000e+05
6.420000	3.05643603e-08	3.39604000e+05
6.430000	3.00353403e-08	3.33726000e+05
6.440000	2.95030803e-08	3.27812000e+05
6.450000	2.89918803e-08	3.22132000e+05
6.460000	2.84972403e-08	3.16636000e+05
6.470000	2.80236603e-08	3.11374000e+05
6.480000	2.75686203e-08	3.06318000e+05
6.490000	2.71283403e-08	3.01426000e+05
6.500000	2.66997603e-08	2.96664000e+05
6.510000	2.62969203e-08	2.92188000e+05
6.520000	2.59056003e-08	2.87840000e+05
6.530000	2.55099603e-08	2.83444000e+05
6.540000	2.51303403e-08	2.79226000e+05
6.550000	2.47642203e-08	2.75158000e+05
6.560000	2.44085403e-08	2.71206000e+05
6.570000	2.40627603e-08	2.67364000e+05
6.580000	2.37177003e-08	2.63530000e+05
6.590000	2.33857803e-08	2.59842000e+05
6.600000	2.30614203e-08	2.56238000e+05
6.610000	2.27509203e-08	2.52788000e+05
6.620000	2.24485202e-08	2.49428000e+05
6.630000	2.21506202e-08	2.46118000e+05
6.640000	2.18613602e-08	2.42904000e+05
6.650000	2.15742602e-08	2.39714000e+05
6.660000	2.12949002e-08	2.36610000e+05
6.670000	2.10243602e-08	2.33604000e+05
6.680000	2.07617402e-08	2.30686000e+05
6.690000	2.05032602e-08	2.27814000e+05
6.700000	2.02509002e-08	2.25010000e+05
6.710000	2.00075402e-08	2.22306000e+05
6.720000	1.97692202e-08	2.19658000e+05
6.730000	1.95467402e-08	2.17186000e+05
6.740000	1.93293002e-08	2.14770000e+05
6.750000	1.91161802e-08	2.12402000e+05
6.760000	1.88911802e-08	2.09902000e+05
6.770000	1.86715802e-08	2.07462000e+05
6.780000	1.84667402e-08	2.05186000e+05
6.790000	1.82662202e-08	2.02958000e+05
6.800000	1.80811802e-08	2.00902000e+05
6.810000	1.79001002e-08	1.98890000e+05
6.820000	1.77215402e-08	1.96906000e+05
6.830000	1.75410002e-08	1.94900000e+05
6.840000	1.73646002e-08	1.92940000e+05
6.850000	1.71909002e-08	1.91010000e+05
6.860000	1.70085602e-08	1.88984000e+05
6.870000	1.68309002e-08	1.87010000e+05
6.880000	1.66667402e-08	1.85186000e+05
6.890000	1.65060002e-08	1.83400000e+05
6.900000	1.63476002e-08	1.81640000e+05
6.910000	1.61947802e-08	1.79942000e+05
6.920000	1.60457402e-08	1.78286000e+05
6.930000	1.58990402e-08	1.76656000e+05
6.940000	1.57516202e-08	1.75018000e+05
6.950000	1.56056402e-08	1.73396000e+05
6.960000	1.54620002e-08	1.71800000e+05
6.970000	1.53248402e-08	1.70276000e+05
6.980000	1.51896602e-08	1.68774000e+05
6.990000	1.50568202e-08	1.67298000e+05
7.000000	1.49256002e-08	1.65840000e+05
