0.0050 0.00005488 1.0729e+05
0.0100 0.00005784 1.1307e+05
0.0150 0.00006080 1.1885e+05
0.0200 0.00006375 1.2464e+05
0.0250 0.00006671 1.3042e+05
0.0300 0.00006967 1.3620e+05
0.0350 0.00007263 1.4198e+05
0.0400 0.00007558 1.4776e+05
0.0450 0.00007854 1.5354e+05
0.0500 0.00008150 1.5932e+05
0.0550 0.00008445 1.6510e+05
0.0600 0.00008741 1.7088e+05
0.0650 0.00009037 1.7666e+05
0.0700 0.00009333 1.8245e+05
0.0750 0.00009628 1.8823e+05
0.0800 0.00009924 1.9401e+05
0.0850 0.00010220 1.9979e+05
0.0900 0.00010515 2.0557e+05
0.0950 0.00010811 2.1135e+05
0.1000 0.00011107 2.1713e+05
0.1050 0.00011403 2.2291e+05
0.1100 0.00011698 2.2869e+05
0.1150 0.00011994 2.3447e+05
0.1200 0.00012290 2.4025e+05
0.1250 0.00012585 2.4604e+05
0.1300 0.00012881 2.5182e+05
0.1350 0.00013177 2.5760e+05
0.1400 0.00013473 2.6338e+05
0.1450 0.00013768 2.6916e+05
0.1500 0.00014064 2.7494e+05
0.1550 0.00014360 2.8072e+05
0.1600 0.00014655 2.8650e+05
0.1650 0.00014951 2.9228e+05
0.1700 0.00015247 2.9806e+05
0.1750 0.00015543 3.0385e+05
0.1800 0.00015838 3.0963e+05
0.1850 0.00016134 3.1541e+05
0.1900 0.00016430 3.2119e+05
0.1950 0.00016725 3.2697e+05
0.2000 0.00017021 3.3275e+05
0.2050 0.00017317 3.3853e+05
0.2100 0.00017612 3.4431e+05
0.2150 0.00017908 3.5009e+05
0.2200 0.00018204 3.5587e+05
0.2250 0.00018500 3.6165e+05
0.2300 0.00018795 3.6744e+05
0.2350 0.00019091 3.7322e+05
0.2400 0.00019387 3.7900e+05
0.2450 0.00019682 3.8478e+05
0.2500 0.00019978 3.9056e+05
0.2550 0.00020274 3.9634e+05
0.2600 0.00020570 4.0212e+05
0.2650 0.00020865 4.0790e+05
0.2700 0.00021161 4.1368e+05
0.2750 0.00021457 4.1946e+05
0.2800 0.00021752 4.2525e+05
0.2850 0.00022048 4.3103e+05
0.2900 0.00022344 4.3681e+05
0.2950 0.00022640 4.4259e+05
0.3000 0.00022935 4.4837e+05
0.3050 0.00023692 4.6316e+05
0.3100 0.00024568 4.8028e+05
0.3150 0.00025444 4.9741e+05
0.3200 0.00026320 5.1453e+05
0.3250 0.00027196 5.3166e+05
0.3300 0.00028072 5.4878e+05
0.3350 0.00028948 5.6591e+05
0.3400 0.00029824 5.8303e+05
0.3450 0.00030700 6.0016e+05
0.3500 0.00031576 6.1728e+05
0.3550 0.00032452 6.3441e+05
0.3600 0.00033328 6.5153e+05
0.3650 0.00034204 6.6866e+05
0.3700 0.00035080 6.8578e+05
0.3750 0.00035956 7.0291e+05
0.3800 0.00036832 7.2003e+05
0.3850 0.00037708 7.3716e+05
0.3900 0.00038584 7.5428e+05
0.3950 0.00039460 7.7141e+05
0.4000 0.00040336 7.8853e+05
0.4050 0.00041212 8.0566e+05
0.4100 0.00042088 8.2278e+05
0.4150 0.00042964 8.3991e+05
0.4200 0.00043840 8.5703e+05
0.4250 0.00044716 8.7416e+05
0.4300 0.00045592 8.9128e+05
0.4350 0.00046468 9.0841e+05
0.4400 0.00047344 9.2553e+05
0.4450 0.00048220 9.4266e+05
0.4500 0.00049096 9.5979e+05
0.4550 0.00049972 9.7691e+05
0.4600 0.00050848 9.9404e+05
0.4650 0.00051724 1.0112e+06
0.4700 0.00052600 1.0283e+06
0.4750 0.00053476 1.0454e+06
0.4800 0.00054843 1.0722e+06
0.4850 0.00056574 1.1060e+06
0.4900 0.00058304 1.1398e+06
0.4950 0.00060035 1.1736e+06
0.5000 0.00061765 1.2075e+06
0.5050 0.00063495 1.2413e+06
0.5100 0.00065226 1.2751e+06
0.5150 0.00066956 1.3089e+06
0.5200 0.00068686 1.3428e+06
0.5250 0.00070417 1.3766e+06
0.5300 0.00072147 1.4104e+06
0.5350 0.00073878 1.4443e+06
0.5400 0.00075608 1.4781e+06
0.5450 0.00077338 1.5119e+06
0.5500 0.00079069 1.5457e+06
0.5550 0.00080799 1.5796e+06
0.5600 0.00082529 1.6134e+06
0.5650 0.00084260 1.6472e+06
0.5700 0.00085990 1.6810e+06
0.5750 0.00087721 1.7149e+06
0.5800 0.00089451 1.7487e+06
0.5850 0.00091181 1.7825e+06
0.5900 0.00092912 1.8164e+06
0.5950 0.00094642 1.8502e+06
0.6000 0.00096372 1.8840e+06
0.6050 0.00098742 1.9303e+06
0.6100 0.00101559 1.9854e+06
0.6150 0.00104376 2.0405e+06
0.6200 0.00107192 2.0955e+06
0.6250 0.00110009 2.1506e+06
0.6300 0.00112826 2.2057e+06
0.6350 0.00115643 2.2607e+06
0.6400 0.00118460 2.3158e+06
0.6450 0.00121277 2.3709e+06
0.6500 0.00124094 2.4260e+06
0.6550 0.00126911 2.4810e+06
0.6600 0.00129728 2.5361e+06
0.6650 0.00132545 2.5912e+06
0.6700 0.00135362 2.6462e+06
0.6750 0.00138179 2.7013e+06
0.6800 0.00140996 2.7564e+06
0.6850 0.00143813 2.8114e+06
0.6900 0.00146629 2.8665e+06
0.6950 0.00149446 2.9216e+06
0.7000 0.00152532 2.9819e+06
0.7050 0.00156653 3.0625e+06
0.7100 0.00160775 3.1430e+06
0.7150 0.00164896 3.2236e+06
0.7200 0.00169018 3.3042e+06
0.7250 0.00173139 3.3847e+06
0.7300 0.00177260 3.4653e+06
0.7350 0.00181382 3.5459e+06
0.7400 0.00185503 3.6265e+06
0.7450 0.00189625 3.7070e+06
0.7500 0.00193746 3.7876e+06
0.7550 0.00197867 3.8682e+06
0.7600 0.00201989 3.9487e+06
0.7650 0.00206110 4.0293e+06
0.7700 0.00210231 4.1099e+06
0.7750 0.00214353 4.1905e+06
0.7800 0.00219031 4.2819e+06
0.7850 0.00224657 4.3919e+06
0.7900 0.00230282 4.5019e+06
0.7950 0.00235908 4.6118e+06
0.8000 0.00241534 4.7218e+06
0.8050 0.00247160 4.8318e+06
0.8100 0.00252786 4.9418e+06
0.8150 0.00258412 5.0518e+06
0.8200 0.00264038 5.1618e+06
0.8250 0.00269664 5.2718e+06
0.8300 0.00275290 5.3817e+06
0.8350 0.00280916 5.4917e+06
0.8400 0.00286542 5.6017e+06
0.8450 0.00292168 5.7117e+06
0.8500 0.00299428 5.8536e+06
0.8550 0.00306721 5.9962e+06
0.8600 0.00314015 6.1388e+06
0.8650 0.00321308 6.2813e+06
0.8700 0.00328601 6.4239e+06
0.8750 0.00335894 6.5665e+06
0.8800 0.00343187 6.7091e+06
0.8850 0.00350480 6.8516e+06
0.8900 0.00357773 6.9942e+06
0.8950 0.00365066 7.1368e+06
0.9000 0.00372360 7.2794e+06
0.9050 0.00380370 7.4360e+06
0.9100 0.00389541 7.6153e+06
0.9150 0.00398712 7.7945e+06
0.9200 0.00407883 7.9738e+06
0.9250 0.00417054 8.1531e+06
0.9300 0.00426225 8.3324e+06
0.9350 0.00435396 8.5117e+06
0.9400 0.00444567 8.6910e+06
0.9450 0.00453738 8.8703e+06
0.9500 0.00462909 9.0496e+06
0.9550 0.00472365 9.2344e+06
0.9600 0.00483419 9.4505e+06
0.9650 0.00494473 9.6666e+06
0.9700 0.00505527 9.8827e+06
0.9750 0.00516581 1.0099e+07
0.9800 0.00527635 1.0315e+07
0.9850 0.00538689 1.0531e+07
0.9900 0.00549743 1.0747e+07
0.9950 0.00560797 1.0963e+07
1.0000 0.00571851 1.1179e+07
1.0050 0.00585727 1.1451e+07
1.0100 0.00599603 1.1722e+07
1.0150 0.00613478 1.1993e+07
1.0200 0.00627354 1.2264e+07
1.0250 0.00641230 1.2536e+07
1.0300 0.00655106 1.2807e+07
1.0350 0.00668981 1.3078e+07
1.0400 0.00682857 1.3349e+07
1.0450 0.00697881 1.3643e+07
1.0500 0.00713349 1.3945e+07
1.0550 0.00728817 1.4248e+07
1.0600 0.00744284 1.4550e+07
1.0650 0.00759752 1.4853e+07
1.0700 0.00775219 1.5155e+07
1.0750 0.00790687 1.5457e+07
1.0800 0.00806581 1.5768e+07
1.0850 0.00824657 1.6121e+07
1.0900 0.00842733 1.6475e+07
1.0950 0.00860808 1.6828e+07
1.1000 0.00878884 1.7182e+07
1.1050 0.00896959 1.7535e+07
1.1100 0.00915035 1.7888e+07
1.1150 0.00933587 1.8251e+07
1.1200 0.00953916 1.8648e+07
1.1250 0.00974246 1.9046e+07
1.1300 0.00994576 1.9443e+07
1.1350 0.01014905 1.9841e+07
1.1400 0.01035235 2.0238e+07
1.1450 0.01055565 2.0636e+07
1.1500 0.01079349 2.1101e+07
1.1550 0.01104139 2.1585e+07
1.1600 0.01128930 2.2070e+07
1.1650 0.01153720 2.2554e+07
1.1700 0.01178511 2.3039e+07
1.1750 0.01203302 2.3524e+07
1.1800 0.01229695 2.4040e+07
1.1850 0.01256537 2.4564e+07
1.1900 0.01283378 2.5089e+07
1.1950 0.01310220 2.5614e+07
1.2000 0.01337061 2.6139e+07
1.2050 0.01364230 2.6670e+07
1.2100 0.01392932 2.7231e+07
1.2150 0.01421634 2.7792e+07
1.2200 0.01450336 2.8353e+07
1.2250 0.01479039 2.8914e+07
1.2300 0.01507741 2.9475e+07
1.2350 0.01539325 3.0093e+07
1.2400 0.01571193 3.0716e+07
1.2450 0.01603061 3.1339e+07
1.2500 0.01634929 3.1962e+07
1.2550 0.01666797 3.2585e+07
1.2600 0.01701944 3.3272e+07
1.2650 0.01737280 3.3963e+07
1.2700 0.01772616 3.4653e+07
1.2750 0.01807952 3.5344e+07
1.2800 0.01844779 3.6064e+07
1.2850 0.01886098 3.6872e+07
1.2900 0.01927417 3.7680e+07
1.2950 0.01968736 3.8487e+07
1.3000 0.02010055 3.9295e+07
1.3050 0.02050616 4.0088e+07
1.3100 0.02090980 4.0877e+07
1.3150 0.02131344 4.1666e+07
1.3200 0.02171708 4.2455e+07
1.3250 0.02215459 4.3311e+07
1.3300 0.02261912 4.4219e+07
1.3350 0.02308366 4.5127e+07
1.3400 0.02354819 4.6035e+07
1.3450 0.02401966 4.6957e+07
1.3500 0.02449766 4.7891e+07
1.3550 0.02497566 4.8826e+07
1.3600 0.02545365 4.9760e+07
1.3650 0.02596217 5.0754e+07
1.3700 0.02648679 5.1780e+07
1.3750 0.02701142 5.2805e+07
1.3800 0.02753605 5.3831e+07
1.3850 0.02808429 5.4903e+07
1.3900 0.02863357 5.5977e+07
1.3950 0.02918284 5.7050e+07
1.4000 0.02976154 5.8182e+07
1.4050 0.03038222 5.9395e+07
1.4100 0.03100290 6.0609e+07
1.4150 0.03162360 6.1822e+07
1.4200 0.03224996 6.3046e+07
1.4250 0.03287632 6.4271e+07
1.4300 0.03350267 6.5495e+07
1.4350 0.03418427 6.6828e+07
1.4400 0.03488658 6.8201e+07
1.4450 0.03558889 6.9574e+07
1.4500 0.03627923 7.0923e+07
1.4550 0.03696049 7.2255e+07
1.4600 0.03764176 7.3587e+07
1.4650 0.03834640 7.4965e+07
1.4700 0.03907259 7.6384e+07
1.4750 0.03979878 7.7804e+07
1.4800 0.04051170 7.9198e+07
1.4850 0.04121485 8.0572e+07
1.4900 0.04191799 8.1947e+07
1.4950 0.04273619 8.3546e+07
1.5000 0.04359744 8.5230e+07
1.5050 0.04445869 8.6914e+07
1.5100 0.04529400 8.8547e+07
1.5150 0.04612851 9.0178e+07
1.5200 0.04700355 9.1889e+07
1.5250 0.04797445 9.3787e+07
1.5300 0.04894535 9.5685e+07
1.5350 0.04991861 9.7587e+07
1.5400 0.05089286 9.9492e+07
1.5450 0.05183049 1.0133e+08
1.5500 0.05260826 1.0285e+08
1.5550 0.05338604 1.0437e+08
1.5600 0.05446567 1.0648e+08
1.5650 0.05565164 1.0880e+08
1.5700 0.05678964 1.1102e+08
1.5750 0.05784225 1.1308e+08
1.5800 0.05889294 1.1513e+08
1.5850 0.05990138 1.1710e+08
1.5900 0.06090982 1.1907e+08
1.5950 0.06191401 1.2104e+08
1.6000 0.06291704 1.2300e+08
1.6050 0.06416234 1.2543e+08
1.6100 0.06557740 1.2820e+08
1.6150 0.06666993 1.3034e+08
1.6200 0.06735732 1.3168e+08
1.6250 0.06832923 1.3358e+08
1.6300 0.06982923 1.3651e+08
1.6350 0.07126568 1.3932e+08
1.6400 0.07255820 1.4185e+08
1.6450 0.07386453 1.4440e+08
1.6500 0.07520169 1.4701e+08
1.6550 0.07661616 1.4978e+08
1.6600 0.07816960 1.5282e+08
1.6650 0.07954881 1.5551e+08
1.6700 0.08071373 1.5779e+08
1.6750 0.08204945 1.6040e+08
1.6800 0.08350864 1.6325e+08
1.6850 0.08490399 1.6598e+08
1.6900 0.08627826 1.6867e+08
1.6950 0.08794089 1.7192e+08
1.7000 0.08943189 1.7483e+08
1.7050 0.09021600 1.7637e+08
1.7100 0.09148803 1.7885e+08
1.7150 0.09327614 1.8235e+08
1.7200 0.09481957 1.8537e+08
1.7250 0.09629422 1.8825e+08
1.7300 0.09772541 1.9105e+08
1.7350 0.09976448 1.9503e+08
1.7400 0.10236188 2.0011e+08
1.7450 0.10386005 2.0304e+08
1.7500 0.10530203 2.0586e+08
1.7550 0.10679639 2.0878e+08
1.7600 0.10905881 2.1320e+08
1.7650 0.11123200 2.1745e+08
1.7700 0.11285536 2.2062e+08
1.7750 0.11441725 2.2368e+08
1.7800 0.11615480 2.2707e+08
1.7850 0.11821326 2.3110e+08
1.7900 0.12039526 2.3536e+08
1.7950 0.12211618 2.3873e+08
1.8000 0.12360404 2.4164e+08
1.8050 0.12639338 2.4709e+08
1.8100 0.12839971 2.5101e+08
1.8150 0.13029312 2.5471e+08
1.8200 0.13237188 2.5878e+08
1.8250 0.13450350 2.6295e+08
1.8300 0.13614202 2.6615e+08
1.8350 0.13805564 2.6989e+08
1.8400 0.14066013 2.7498e+08
1.8450 0.14419374 2.8189e+08
1.8500 0.14498503 2.8344e+08
1.8550 0.14775612 2.8885e+08
1.8600 0.14982403 2.9290e+08
1.8650 0.15139465 2.9597e+08
1.8700 0.15429394 3.0163e+08
1.8750 0.15669913 3.0634e+08
1.8800 0.15945044 3.1171e+08
1.8850 0.16048828 3.1374e+08
1.8900 0.16323738 3.1912e+08
1.8950 0.16581211 3.2415e+08
1.9000 0.16810622 3.2864e+08
1.9050 0.17053460 3.3338e+08
1.9100 0.17289587 3.3800e+08
1.9150 0.17620715 3.4447e+08
1.9200 0.17832507 3.4861e+08
1.9250 0.18015413 3.5219e+08
1.9300 0.18307878 3.5791e+08
1.9350 0.18632871 3.6426e+08
1.9400 0.18999138 3.7142e+08
1.9450 0.19220114 3.7574e+08
1.9500 0.19376164 3.7879e+08
1.9550 0.19639061 3.8393e+08
1.9600 0.19849131 3.8804e+08
1.9650 0.20334507 3.9753e+08
1.9700 0.20753070 4.0571e+08
1.9750 0.20859353 4.0779e+08
1.9800 0.21048817 4.1149e+08
1.9850 0.21341923 4.1722e+08
1.9900 0.21761216 4.2542e+08
1.9950 0.21991957 4.2993e+08
2.0000 0.22128135 4.3259e+08
2.0050 0.22591138 4.4164e+08
2.0100 0.22960106 4.4885e+08
2.0150 0.23223949 4.5401e+08
2.0200 0.23503230 4.5947e+08
2.0250 0.23674157 4.6281e+08
2.0300 0.24129239 4.7171e+08
2.0350 0.24530140 4.7955e+08
2.0400 0.24774541 4.8433e+08
2.0450 0.25165526 4.9197e+08
2.0500 0.25516606 4.9883e+08
2.0550 0.25621816 5.0089e+08
2.0600 0.25844223 5.0524e+08
2.0650 0.26237063 5.1292e+08
2.0700 0.26591303 5.1984e+08
2.0750 0.26993125 5.2770e+08
2.0800 0.27499433 5.3760e+08
2.0850 0.27741880 5.4233e+08
2.0900 0.27835416 5.4416e+08
2.0950 0.28508347 5.5732e+08
2.1000 0.28516187 5.5747e+08
2.1050 0.29018575 5.6729e+08
2.1100 0.29281541 5.7243e+08
2.1150 0.29843388 5.8342e+08
2.1200 0.30540506 5.9705e+08
2.1250 0.30505370 5.9636e+08
2.1300 0.30985145 6.0574e+08
2.1350 0.31269411 6.1130e+08
2.1400 0.31536154 6.1651e+08
2.1450 0.32309699 6.3163e+08
2.1500 0.32538585 6.3611e+08
2.1550 0.32523210 6.3581e+08
2.1600 0.33212069 6.4927e+08
2.1650 0.33481623 6.5454e+08
2.1700 0.34028810 6.6524e+08
2.1750 0.34107378 6.6678e+08
2.1800 0.34760830 6.7955e+08
2.1850 0.35063287 6.8546e+08
2.1900 0.35242614 6.8897e+08
2.1950 0.35903040 7.0188e+08
2.2000 0.36111618 7.0596e+08
2.2050 0.36623672 7.1597e+08
2.2100 0.37412109 7.3138e+08
2.2150 0.37722423 7.3745e+08
2.2200 0.37821818 7.3939e+08
2.2250 0.38638554 7.5536e+08
2.2300 0.38367774 7.5006e+08
2.2350 0.39099233 7.6436e+08
2.2400 0.39292002 7.6813e+08
2.2450 0.39860931 7.7925e+08
2.2500 0.40100384 7.8394e+08
2.2550 0.40478730 7.9133e+08
2.2600 0.40573847 7.9319e+08
2.2650 0.41292435 8.0724e+08
2.2700 0.41575014 8.1276e+08
2.2750 0.42134297 8.2370e+08
2.2800 0.42776621 8.3625e+08
2.2850 0.42215809 8.2529e+08
2.2900 0.43408266 8.4860e+08
2.2950 0.43661587 8.5355e+08
2.3000 0.44412240 8.6823e+08
2.3050 0.44618529 8.7226e+08
2.3100 0.45126845 8.8220e+08
2.3150 0.45127898 8.8222e+08
2.3200 0.45743171 8.9425e+08
2.3250 0.46375243 9.0660e+08
2.3300 0.46839684 9.1568e+08
2.3350 0.47156424 9.2188e+08
2.3400 0.47529130 9.2916e+08
2.3450 0.48261059 9.4347e+08
2.3500 0.48273964 9.4372e+08
2.3550 0.49536556 9.6841e+08
2.3600 0.48721456 9.5247e+08
2.3650 0.49963705 9.7676e+08
2.3700 0.50035718 9.7816e+08
2.3750 0.50948300 9.9600e+08
2.3800 0.51430984 1.0054e+09
2.3850 0.51673268 1.0102e+09
2.3900 0.51870034 1.0140e+09
2.3950 0.52550640 1.0273e+09
2.4000 0.52220110 1.0209e+09
2.4050 0.53052242 1.0371e+09
2.4100 0.53463012 1.0452e+09
2.4150 0.54178865 1.0592e+09
2.4200 0.55079663 1.0768e+09
2.4250 0.55560034 1.0862e+09
2.4300 0.55641988 1.0878e+09
2.4350 0.56047986 1.0957e+09
2.4400 0.55847096 1.0918e+09
2.4450 0.56935320 1.1130e+09
2.4500 0.56678643 1.1080e+09
2.4550 0.58021442 1.1343e+09
2.4600 0.58364194 1.1410e+09
2.4650 0.58205237 1.1379e+09
2.4700 0.59168975 1.1567e+09
2.4750 0.59717700 1.1674e+09
2.4800 0.59897245 1.1710e+09
2.4850 0.60015025 1.1733e+09
2.4900 0.61327443 1.1989e+09
2.4950 0.60861004 1.1898e+09
2.5000 0.61532310 1.2029e+09
2.5050 0.61828794 1.2087e+09
2.5100 0.62343668 1.2188e+09
2.5150 0.62323593 1.2184e+09
2.5200 0.63715120 1.2456e+09
2.5250 0.63833017 1.2479e+09
2.5300 0.63194645 1.2354e+09
2.5350 0.64681656 1.2645e+09
2.5400 0.65956074 1.2894e+09
2.5450 0.64379706 1.2586e+09
2.5500 0.65353837 1.2776e+09
2.5550 0.66418639 1.2984e+09
2.5600 0.66680385 1.3036e+09
2.5650 0.67053249 1.3108e+09
2.5700 0.68086727 1.3310e+09
2.5750 0.69433610 1.3574e+09
2.5800 0.68259496 1.3344e+09
2.5850 0.69918288 1.3669e+09
2.5900 0.71530851 1.3984e+09
2.5950 0.73457448 1.4360e+09
2.6000 0.77485535 1.5148e+09
2.6050 0.83861200 1.6394e+09
2.6100 0.89951595 1.7585e+09
2.6150 0.97338489 1.9029e+09
2.6200 1.09422957 2.1391e+09
2.6250 1.21977412 2.3846e+09
2.6300 1.36244162 2.6635e+09
2.6350 1.53326075 2.9974e+09
2.6400 1.68904453 3.3020e+09
2.6450 1.82463208 3.5670e+09
2.6500 1.95642387 3.8247e+09
2.6550 2.02126221 3.9514e+09
2.6600 2.10502948 4.1152e+09
2.6650 2.10906025 4.1231e+09
2.6700 2.11800917 4.1406e+09
2.6750 2.08038218 4.0670e+09
2.6800 2.02643946 3.9616e+09
2.6850 1.98191661 3.8745e+09
2.6900 1.90718264 3.7284e+09
2.6950 1.83561338 3.5885e+09
2.7000 1.80441097 3.5275e+09
2.7050 1.75779265 3.4364e+09
2.7100 1.69312915 3.3100e+09
2.7150 1.63539310 3.1971e+09
2.7200 1.60094347 3.1297e+09
2.7250 1.52761930 2.9864e+09
2.7300 1.50288717 2.9380e+09
2.7350 1.46575464 2.8655e+09
2.7400 1.41579837 2.7678e+09
2.7450 1.36803669 2.6744e+09
2.7500 1.35422611 2.6474e+09
2.7550 1.29537434 2.5324e+09
2.7600 1.27847948 2.4993e+09
2.7650 1.25965265 2.4625e+09
2.7700 1.19892446 2.3438e+09
2.7750 1.18672150 2.3200e+09
2.7800 1.16746632 2.2823e+09
2.7850 1.15120405 2.2505e+09
2.7900 1.13151402 2.2120e+09
2.7950 1.07449738 2.1006e+09
2.8000 1.07820400 2.1078e+09
2.8050 1.06100053 2.0742e+09
2.8100 1.03170067 2.0169e+09
2.8150 1.03529512 2.0239e+09
2.8200 0.98127938 1.9183e+09
2.8250 0.98606503 1.9277e+09
2.8300 0.93967247 1.8370e+09
2.8350 0.94372829 1.8449e+09
2.8400 0.92709443 1.8124e+09
2.8450 0.91855242 1.7957e+09
2.8500 0.89995750 1.7594e+09
2.8550 0.93844535 1.8346e+09
2.8600 0.88402032 1.7282e+09
2.8650 0.85731635 1.6760e+09
2.8700 0.85406576 1.6696e+09
2.8750 0.82563627 1.6141e+09
2.8800 0.83890812 1.6400e+09
2.8850 0.82632238 1.6154e+09
2.8900 0.80818424 1.5799e+09
2.8950 0.79266231 1.5496e+09
2.9000 0.80778037 1.5792e+09
2.9050 0.80105287 1.5660e+09
2.9100 0.84581950 1.6535e+09
2.9150 0.87305503 1.7068e+09
2.9200 0.94169717 1.8410e+09
2.9250 1.05861402 2.0695e+09
2.9300 1.20448493 2.3547e+09
2.9350 1.36148760 2.6616e+09
2.9400 1.49023770 2.9133e+09
2.9450 1.62862675 3.1839e+09
2.9500 1.70166238 3.3266e+09
2.9550 1.66906156 3.2629e+09
2.9600 1.64166915 3.2094e+09
2.9650 1.52645299 2.9841e+09
2.9700 1.52192023 2.9753e+09
2.9750 1.36762154 2.6736e+09
2.9800 1.27160641 2.4859e+09
2.9850 1.21269922 2.3707e+09
2.9900 1.10547413 2.1611e+09
2.9950 1.07444322 2.1005e+09
3.0000 0.95450890 1.8660e+09
3.0050 0.92725470 1.8127e+09
3.0100 0.90033092 1.7601e+09
3.0150 0.84260719 1.6472e+09
3.0200 0.78614759 1.5369e+09
3.0250 0.72121161 1.4099e+09
3.0300 0.73515216 1.4372e+09
3.0350 0.69143451 1.3517e+09
3.0400 0.61793263 1.2080e+09
3.0450 0.62017091 1.2124e+09
3.0500 0.54806954 1.0714e+09
3.0550 0.53331717 1.0426e+09
3.0600 0.49760080 9.7278e+08
3.0650 0.50514356 9.8752e+08
3.0700 0.48812690 9.5425e+08
3.0750 0.48113145 9.4058e+08
3.0800 0.47742089 9.3333e+08
3.0850 0.43980249 8.5978e+08
3.0900 0.42272808 8.2640e+08
3.0950 0.45125176 8.8217e+08
3.1000 0.47908065 9.3657e+08
3.1050 0.58360843 1.1409e+09
3.1100 0.63180907 1.2351e+09
3.1150 0.70787264 1.3838e+09
3.1200 0.79097386 1.5463e+09
3.1250 0.76638971 1.4982e+09
3.1300 0.76207032 1.4898e+09
3.1350 0.70468499 1.3776e+09
3.1400 0.65904357 1.2884e+09
3.1450 0.54422498 1.0639e+09
3.1500 0.50623262 9.8965e+08
3.1550 0.50998855 9.9699e+08
3.1600 0.46493888 9.0892e+08
3.1650 0.37386110 7.3087e+08
3.1700 0.36896390 7.2130e+08
3.1750 0.32238348 6.3024e+08
3.1800 0.28878639 5.6456e+08
3.1850 0.27908354 5.4559e+08
3.1900 0.26639490 5.2078e+08
3.1950 0.23257983 4.5468e+08
3.2000 0.23006551 4.4976e+08
3.2050 0.20338419 3.9760e+08
3.2100 0.20624847 4.0320e+08
3.2150 0.20613490 4.0298e+08
3.2200 0.20119829 3.9333e+08
3.2250 0.19071265 3.7283e+08
3.2300 0.23305513 4.5561e+08
3.2350 0.25017335 4.8907e+08
3.2400 0.29970489 5.8590e+08
3.2450 0.29839045 5.8333e+08
3.2500 0.28146062 5.5024e+08
3.2550 0.25955430 5.0741e+08
3.2600 0.21645911 4.2316e+08
3.2650 0.22058894 4.3124e+08
3.2700 0.18437659 3.6044e+08
3.2750 0.15526260 3.0353e+08
3.2800 0.14457545 2.8264e+08
3.2850 0.11950078 2.3362e+08
3.2900 0.12473220 2.4384e+08
3.2950 0.09628827 1.8824e+08
3.3000 0.08896572 1.7392e+08
3.3050 0.07724198 1.5100e+08
3.3100 0.07889875 1.5424e+08
3.3150 0.08104492 1.5844e+08
3.3200 0.08410742 1.6442e+08
3.3250 0.08473647 1.6565e+08
3.3300 0.07274760 1.4222e+08
3.3350 0.07282452 1.4237e+08
3.3400 0.11145654 2.1789e+08
3.3450 0.13017079 2.5448e+08
3.3500 0.08557065 1.6728e+08
3.3550 0.09229292 1.8043e+08
3.3600 0.07141747 1.3962e+08
3.3650 0.06382978 1.2478e+08
3.3700 0.06330216 1.2375e+08
3.3750 0.03021559 5.9069e+07
3.3800 0.02894391 5.6583e+07
3.3850 0.01975523 3.8620e+07
3.3900 0.02992600 5.8503e+07
3.3950 0.03112031 6.0838e+07
3.4000 0.02868142 5.6070e+07
3.4050 0.02284868 4.4668e+07
3.4100 0.01760098 3.4409e+07
3.4150 0.03818652 7.4652e+07
3.4200 0.01864357 3.6447e+07
3.4250 0.01810666 3.5397e+07
3.4300 0.02317820 4.5312e+07
3.4350 0.03378866 6.6055e+07
3.4400 0.01640937 3.2079e+07
3.4450 0.00637824 1.2469e+07
3.4500 0.01875701 3.6669e+07
3.4550 0.00619697 1.2115e+07
3.4600 0.00452300 8.8421e+06
3.4650 0.00870760 1.7023e+07
3.4700 0.01077600 2.1066e+07
3.4750 0.01086324 2.1237e+07
3.4800 0.00933036 1.8240e+07
3.4850 0.01394521 2.7262e+07
3.4900 0.00805097 1.5739e+07
3.4950 0.00499883 9.7724e+06
3.5000 0.00913473 1.7858e+07
3.5050 0.00523442 1.0233e+07
3.5100 0.00535634 1.0471e+07
3.5150 0.00548111 1.0715e+07
3.5200 0.00560882 1.0965e+07
3.5250 0.00573943 1.1220e+07
3.5300 0.01243055 2.4301e+07
3.5350 0.00600992 1.1749e+07
3.5400 0.00614991 1.2023e+07
3.5450 0.00629316 1.2303e+07
3.5500 0.00680789 1.3309e+07
3.5550 0.00919975 1.7985e+07
3.5600 0.00674327 1.3183e+07
3.5650 0.00690031 1.3490e+07
3.5700 0.00706108 1.3804e+07
3.5750 0.00722551 1.4125e+07
3.5800 0.00739443 1.4456e+07
3.5850 0.00756666 1.4792e+07
3.5900 0.00774239 1.5136e+07
3.5950 0.00792264 1.5488e+07
3.6000 0.00810719 1.5849e+07
3.6050 0.00829696 1.6220e+07
3.6100 0.00884353 1.7288e+07
3.6150 0.01496555 2.9257e+07
3.6200 0.00889275 1.7385e+07
3.6250 0.00910585 1.7801e+07
3.6300 0.00931896 1.8218e+07
3.6350 0.00953206 1.8635e+07
3.6400 0.00974860 1.9058e+07
3.6450 0.00998279 1.9516e+07
3.6500 0.01021699 1.9974e+07
3.6550 0.01045118 2.0431e+07
3.6600 0.00000000 0.0000e+00
3.6650 0.00000000 0.0000e+00
3.6700 0.00000000 0.0000e+00
3.6750 0.00000000 0.0000e+00
3.6800 0.00000000 0.0000e+00
3.6850 0.00000000 0.0000e+00
3.6900 0.00000000 0.0000e+00
3.6950 0.00000000 0.0000e+00
3.7000 0.00000000 0.0000e+00
3.7050 0.00000000 0.0000e+00
3.7100 0.00000000 0.0000e+00
3.7150 0.00000000 0.0000e+00
3.7200 0.00000000 0.0000e+00
3.7250 0.00000000 0.0000e+00
3.7300 0.00000000 0.0000e+00
3.7350 0.00000000 0.0000e+00
3.7400 0.00000000 0.0000e+00
3.7450 0.00000000 0.0000e+00
3.7500 0.00000000 0.0000e+00
3.7550 0.00000000 0.0000e+00
3.7600 0.00000000 0.0000e+00
3.7650 0.00000000 0.0000e+00
3.7700 0.00000000 0.0000e+00
3.7750 0.00000000 0.0000e+00
3.7800 0.00000000 0.0000e+00
3.7850 0.00000000 0.0000e+00
3.7900 0.00000000 0.0000e+00
3.7950 0.00000000 0.0000e+00
3.8000 0.00000000 0.0000e+00
3.8050 0.00000000 0.0000e+00
3.8100 0.00000000 0.0000e+00
3.8150 0.00000000 0.0000e+00
3.8200 0.00000000 0.0000e+00
3.8250 0.00000000 0.0000e+00
3.8300 0.00000000 0.0000e+00
3.8350 0.00000000 0.0000e+00
3.8400 0.00000000 0.0000e+00
3.8450 0.00000000 0.0000e+00
3.8500 0.00000000 0.0000e+00
3.8550 0.00000000 0.0000e+00
3.8600 0.00000000 0.0000e+00
3.8650 0.00000000 0.0000e+00
3.8700 0.00000000 0.0000e+00
3.8750 0.00000000 0.0000e+00
3.8800 0.00000000 0.0000e+00
3.8850 0.00000000 0.0000e+00
3.8900 0.00000000 0.0000e+00
3.8950 0.00000000 0.0000e+00
3.9000 0.00000000 0.0000e+00
3.9050 0.00000000 0.0000e+00
3.9100 0.00000000 0.0000e+00
3.9150 0.00000000 0.0000e+00
3.9200 0.00000000 0.0000e+00
3.9250 0.00000000 0.0000e+00
3.9300 0.00000000 0.0000e+00
3.9350 0.00000000 0.0000e+00
3.9400 0.00000000 0.0000e+00
3.9450 0.00000000 0.0000e+00
3.9500 0.00000000 0.0000e+00
3.9550 0.00000000 0.0000e+00
3.9600 0.00000000 0.0000e+00
3.9650 0.00000000 0.0000e+00
3.9700 0.00000000 0.0000e+00
3.9750 0.00000000 0.0000e+00
3.9800 0.00000000 0.0000e+00
3.9850 0.00000000 0.0000e+00
3.9900 0.00000000 0.0000e+00
3.9950 0.00000000 0.0000e+00
4.0000 0.00000000 0.0000e+00
4.0050 0.00000000 0.0000e+00
4.0100 0.00000000 0.0000e+00
4.0150 0.00000000 0.0000e+00
4.0200 0.00000000 0.0000e+00
4.0250 0.00000000 0.0000e+00
4.0300 0.00000000 0.0000e+00
4.0350 0.00000000 0.0000e+00
4.0400 0.00000000 0.0000e+00
4.0450 0.00000000 0.0000e+00
4.0500 0.00000000 0.0000e+00
4.0550 0.00000000 0.0000e+00
4.0600 0.00000000 0.0000e+00
4.0650 0.00000000 0.0000e+00
4.0700 0.00000000 0.0000e+00
4.0750 0.00000000 0.0000e+00
4.0800 0.00000000 0.0000e+00
4.0850 0.00000000 0.0000e+00
4.0900 0.00000000 0.0000e+00
4.0950 0.00000000 0.0000e+00
4.1000 0.00000000 0.0000e+00
4.1050 0.00000000 0.0000e+00
4.1100 0.00000000 0.0000e+00
4.1150 0.00000000 0.0000e+00
4.1200 0.00000000 0.0000e+00
4.1250 0.00000000 0.0000e+00
4.1300 0.00000000 0.0000e+00
4.1350 0.00000000 0.0000e+00
4.1400 0.00000000 0.0000e+00
4.1450 0.00000000 0.0000e+00
4.1500 0.00000000 0.0000e+00
4.1550 0.00000000 0.0000e+00
4.1600 0.00000000 0.0000e+00
4.1650 0.00000000 0.0000e+00
4.1700 0.00000000 0.0000e+00
4.1750 0.00000000 0.0000e+00
4.1800 0.00000000 0.0000e+00
4.1850 0.00000000 0.0000e+00
4.1900 0.00000000 0.0000e+00
4.1950 0.00000000 0.0000e+00
4.2000 0.00000000 0.0000e+00
4.2050 0.00000000 0.0000e+00
4.2100 0.00000000 0.0000e+00
4.2150 0.00000000 0.0000e+00
4.2200 0.00000000 0.0000e+00
4.2250 0.00000000 0.0000e+00
4.2300 0.00000000 0.0000e+00
4.2350 0.00000000 0.0000e+00
4.2400 0.00000000 0.0000e+00
4.2450 0.00000000 0.0000e+00
4.2500 0.00000000 0.0000e+00
4.2550 0.00000000 0.0000e+00
4.2600 0.00000000 0.0000e+00
4.2650 0.00000000 0.0000e+00
4.2700 0.00000000 0.0000e+00
4.2750 0.00000000 0.0000e+00
4.2800 0.00000000 0.0000e+00
4.2850 0.00000000 0.0000e+00
4.2900 0.00000000 0.0000e+00
4.2950 0.00000000 0.0000e+00
4.3000 0.00000000 0.0000e+00
4.3050 0.00000000 0.0000e+00
4.3100 0.00000000 0.0000e+00
4.3150 0.00000000 0.0000e+00
4.3200 0.00000000 0.0000e+00
4.3250 0.00000000 0.0000e+00
4.3300 0.00000000 0.0000e+00
4.3350 0.00000000 0.0000e+00
4.3400 0.00000000 0.0000e+00
4.3450 0.00000000 0.0000e+00
4.3500 0.00000000 0.0000e+00
4.3550 0.00000000 0.0000e+00
4.3600 0.00000000 0.0000e+00
4.3650 0.00000000 0.0000e+00
4.3700 0.00000000 0.0000e+00
4.3750 0.00000000 0.0000e+00
4.3800 0.00000000 0.0000e+00
4.3850 0.00000000 0.0000e+00
4.3900 0.00000000 0.0000e+00
4.3950 0.00000000 0.0000e+00
4.4000 0.00000000 0.0000e+00
4.4050 0.00000000 0.0000e+00
4.4100 0.00000000 0.0000e+00
4.4150 0.00000000 0.0000e+00
4.4200 0.00000000 0.0000e+00
4.4250 0.00000000 0.0000e+00
4.4300 0.00000000 0.0000e+00
4.4350 0.00000000 0.0000e+00
4.4400 0.00000000 0.0000e+00
4.4450 0.00000000 0.0000e+00
4.4500 0.00000000 0.0000e+00
4.4550 0.00000000 0.0000e+00
4.4600 0.00000000 0.0000e+00
4.4650 0.00000000 0.0000e+00
4.4700 0.00000000 0.0000e+00
4.4750 0.00000000 0.0000e+00
4.4800 0.00000000 0.0000e+00
4.4850 0.00000000 0.0000e+00
4.4900 0.00000000 0.0000e+00
4.4950 0.00000000 0.0000e+00
4.5000 0.00000000 0.0000e+00
4.5050 0.00000000 0.0000e+00
4.5100 0.00000000 0.0000e+00
4.5150 0.00000000 0.0000e+00
4.5200 0.00000000 0.0000e+00
4.5250 0.00000000 0.0000e+00
4.5300 0.00000000 0.0000e+00
4.5350 0.00000000 0.0000e+00
4.5400 0.00000000 0.0000e+00
4.5450 0.00000000 0.0000e+00
4.5500 0.00000000 0.0000e+00
4.5550 0.00000000 0.0000e+00
4.5600 0.00000000 0.0000e+00
4.5650 0.00000000 0.0000e+00
4.5700 0.00000000 0.0000e+00
4.5750 0.00000000 0.0000e+00
4.5800 0.00000000 0.0000e+00
4.5850 0.00000000 0.0000e+00
4.5900 0.00000000 0.0000e+00
4.5950 0.00000000 0.0000e+00
4.6000 0.00000000 0.0000e+00
4.6050 0.00000000 0.0000e+00
4.6100 0.00000000 0.0000e+00
4.6150 0.00000000 0.0000e+00
4.6200 0.00000000 0.0000e+00
4.6250 0.00000000 0.0000e+00
4.6300 0.00000000 0.0000e+00
4.6350 0.00000000 0.0000e+00
4.6400 0.00000000 0.0000e+00
4.6450 0.00000000 0.0000e+00
4.6500 0.00000000 0.0000e+00
4.6550 0.00000000 0.0000e+00
4.6600 0.00000000 0.0000e+00
4.6650 0.00000000 0.0000e+00
4.6700 0.00000000 0.0000e+00
4.6750 0.00000000 0.0000e+00
4.6800 0.00000000 0.0000e+00
4.6850 0.00000000 0.0000e+00
4.6900 0.00000000 0.0000e+00
4.6950 0.00000000 0.0000e+00
4.7000 0.00000000 0.0000e+00
4.7050 0.00000000 0.0000e+00
4.7100 0.00000000 0.0000e+00
4.7150 0.00000000 0.0000e+00
4.7200 0.00000000 0.0000e+00
4.7250 0.00000000 0.0000e+00
4.7300 0.00000000 0.0000e+00
4.7350 0.00000000 0.0000e+00
4.7400 0.00000000 0.0000e+00
4.7450 0.00000000 0.0000e+00
4.7500 0.00000000 0.0000e+00
4.7550 0.00000000 0.0000e+00
4.7600 0.00000000 0.0000e+00
4.7650 0.00000000 0.0000e+00
4.7700 0.00000000 0.0000e+00
4.7750 0.00000000 0.0000e+00
4.7800 0.00000000 0.0000e+00
4.7850 0.00000000 0.0000e+00
4.7900 0.00000000 0.0000e+00
4.7950 0.00000000 0.0000e+00
4.8000 0.00000000 0.0000e+00
4.8050 0.00000000 0.0000e+00
4.8100 0.00000000 0.0000e+00
4.8150 0.00000000 0.0000e+00
4.8200 0.00000000 0.0000e+00
4.8250 0.00000000 0.0000e+00
4.8300 0.00000000 0.0000e+00
4.8350 0.00000000 0.0000e+00
4.8400 0.00000000 0.0000e+00
4.8450 0.00000000 0.0000e+00
4.8500 0.00000000 0.0000e+00
4.8550 0.00000000 0.0000e+00
4.8600 0.00000000 0.0000e+00
4.8650 0.00000000 0.0000e+00
4.8700 0.00000000 0.0000e+00
4.8750 0.00000000 0.0000e+00
4.8800 0.00000000 0.0000e+00
4.8850 0.00000000 0.0000e+00
4.8900 0.00000000 0.0000e+00
4.8950 0.00000000 0.0000e+00
4.9000 0.00000000 0.0000e+00
4.9050 0.00000000 0.0000e+00
4.9100 0.00000000 0.0000e+00
4.9150 0.00000000 0.0000e+00
4.9200 0.00000000 0.0000e+00
4.9250 0.00000000 0.0000e+00
4.9300 0.00000000 0.0000e+00
4.9350 0.00000000 0.0000e+00
4.9400 0.00000000 0.0000e+00
4.9450 0.00000000 0.0000e+00
4.9500 0.00000000 0.0000e+00
4.9550 0.00000000 0.0000e+00
4.9600 0.00000000 0.0000e+00
4.9650 0.00000000 0.0000e+00
4.9700 0.00000000 0.0000e+00
4.9750 0.00000000 0.0000e+00
4.9800 0.00000000 0.0000e+00
4.9850 0.00000000 0.0000e+00
4.9900 0.00000000 0.0000e+00
4.9950 0.00000000 0.0000e+00
5.0000 0.00000000 0.0000e+00
5.0050 0.00000000 0.0000e+00
5.0100 0.00000000 0.0000e+00
5.0150 0.00000000 0.0000e+00
5.0200 0.00000000 0.0000e+00
5.0250 0.00000000 0.0000e+00
5.0300 0.00000000 0.0000e+00
5.0350 0.00000000 0.0000e+00
5.0400 0.00000000 0.0000e+00
5.0450 0.00000000 0.0000e+00
5.0500 0.00000000 0.0000e+00
5.0550 0.00000000 0.0000e+00
5.0600 0.00000000 0.0000e+00
5.0650 0.00000000 0.0000e+00
5.0700 0.00000000 0.0000e+00
5.0750 0.00000000 0.0000e+00
5.0800 0.00000000 0.0000e+00
5.0850 0.00000000 0.0000e+00
5.0900 0.00000000 0.0000e+00
5.0950 0.00000000 0.0000e+00
5.1000 0.00000000 0.0000e+00
5.1050 0.00000000 0.0000e+00
5.1100 0.00000000 0.0000e+00
5.1150 0.00000000 0.0000e+00
5.1200 0.00000000 0.0000e+00
5.1250 0.00000000 0.0000e+00
5.1300 0.00000000 0.0000e+00
5.1350 0.00000000 0.0000e+00
5.1400 0.00000000 0.0000e+00
5.1450 0.00000000 0.0000e+00
5.1500 0.00000000 0.0000e+00
5.1550 0.00000000 0.0000e+00
5.1600 0.00000000 0.0000e+00
5.1650 0.00000000 0.0000e+00
5.1700 0.00000000 0.0000e+00
5.1750 0.00000000 0.0000e+00
5.1800 0.00000000 0.0000e+00
5.1850 0.00000000 0.0000e+00
5.1900 0.00000000 0.0000e+00
5.1950 0.00000000 0.0000e+00
5.2000 0.00000000 0.0000e+00
5.2050 0.00000000 0.0000e+00
5.2100 0.00000000 0.0000e+00
5.2150 0.00000000 0.0000e+00
5.2200 0.00000000 0.0000e+00
5.2250 0.00000000 0.0000e+00
5.2300 0.00000000 0.0000e+00
5.2350 0.00000000 0.0000e+00
5.2400 0.00000000 0.0000e+00
5.2450 0.00000000 0.0000e+00
5.2500 0.00000000 0.0000e+00
5.2550 0.00000000 0.0000e+00
5.2600 0.00000000 0.0000e+00
5.2650 0.00000000 0.0000e+00
5.2700 0.00000000 0.0000e+00
5.2750 0.00000000 0.0000e+00
5.2800 0.00000000 0.0000e+00
5.2850 0.00000000 0.0000e+00
5.2900 0.00000000 0.0000e+00
5.2950 0.00000000 0.0000e+00
5.3000 0.00000000 0.0000e+00
5.3050 0.00000000 0.0000e+00
5.3100 0.00000000 0.0000e+00
5.3150 0.00000000 0.0000e+00
5.3200 0.00000000 0.0000e+00
5.3250 0.00000000 0.0000e+00
5.3300 0.00000000 0.0000e+00
5.3350 0.00000000 0.0000e+00
5.3400 0.00000000 0.0000e+00
5.3450 0.00000000 0.0000e+00
5.3500 0.00000000 0.0000e+00
5.3550 0.00000000 0.0000e+00
5.3600 0.00000000 0.0000e+00
5.3650 0.00000000 0.0000e+00
5.3700 0.00000000 0.0000e+00
5.3750 0.00000000 0.0000e+00
5.3800 0.00000000 0.0000e+00
5.3850 0.00000000 0.0000e+00
5.3900 0.00000000 0.0000e+00
5.3950 0.00000000 0.0000e+00
5.4000 0.00000000 0.0000e+00
5.4050 0.00000000 0.0000e+00
5.4100 0.00000000 0.0000e+00
5.4150 0.00000000 0.0000e+00
5.4200 0.00000000 0.0000e+00
5.4250 0.00000000 0.0000e+00
5.4300 0.00000000 0.0000e+00
5.4350 0.00000000 0.0000e+00
5.4400 0.00000000 0.0000e+00
5.4450 0.00000000 0.0000e+00
5.4500 0.00000000 0.0000e+00
5.4550 0.00000000 0.0000e+00
5.4600 0.00000000 0.0000e+00
5.4650 0.00000000 0.0000e+00
5.4700 0.00000000 0.0000e+00
5.4750 0.00000000 0.0000e+00
5.4800 0.00000000 0.0000e+00
5.4850 0.00000000 0.0000e+00
5.4900 0.00000000 0.0000e+00
5.4950 0.00000000 0.0000e+00
5.5000 0.00000000 0.0000e+00
5.5050 0.00000000 0.0000e+00
5.5100 0.00000000 0.0000e+00
5.5150 0.00000000 0.0000e+00
5.5200 0.00000000 0.0000e+00
5.5250 0.00000000 0.0000e+00
5.5300 0.00000000 0.0000e+00
5.5350 0.00000000 0.0000e+00
5.5400 0.00000000 0.0000e+00
5.5450 0.00000000 0.0000e+00
5.5500 0.00000000 0.0000e+00
5.5550 0.00000000 0.0000e+00
5.5600 0.00000000 0.0000e+00
5.5650 0.00000000 0.0000e+00
5.5700 0.00000000 0.0000e+00
5.5750 0.00000000 0.0000e+00
5.5800 0.00000000 0.0000e+00
5.5850 0.00000000 0.0000e+00
5.5900 0.00000000 0.0000e+00
5.5950 0.00000000 0.0000e+00
5.6000 0.00000000 0.0000e+00
5.6050 0.00000000 0.0000e+00
5.6100 0.00000000 0.0000e+00
5.6150 0.00000000 0.0000e+00
5.6200 0.00000000 0.0000e+00
5.6250 0.00000000 0.0000e+00
5.6300 0.00000000 0.0000e+00
5.6350 0.00000000 0.0000e+00
5.6400 0.00000000 0.0000e+00
5.6450 0.00000000 0.0000e+00
5.6500 0.00000000 0.0000e+00
5.6550 0.00000000 0.0000e+00
5.6600 0.00000000 0.0000e+00
5.6650 0.00000000 0.0000e+00
5.6700 0.00000000 0.0000e+00
5.6750 0.00000000 0.0000e+00
5.6800 0.00000000 0.0000e+00
5.6850 0.00000000 0.0000e+00
5.6900 0.00000000 0.0000e+00
5.6950 0.00000000 0.0000e+00
5.7000 0.00000000 0.0000e+00
5.7050 0.00000000 0.0000e+00
5.7100 0.00000000 0.0000e+00
5.7150 0.00000000 0.0000e+00
5.7200 0.00000000 0.0000e+00
5.7250 0.00000000 0.0000e+00
5.7300 0.00000000 0.0000e+00
5.7350 0.00000000 0.0000e+00
5.7400 0.00000000 0.0000e+00
5.7450 0.00000000 0.0000e+00
5.7500 0.00000000 0.0000e+00
5.7550 0.00000000 0.0000e+00
5.7600 0.00000000 0.0000e+00
5.7650 0.00000000 0.0000e+00
5.7700 0.00000000 0.0000e+00
5.7750 0.00000000 0.0000e+00
5.7800 0.00000000 0.0000e+00
5.7850 0.00000000 0.0000e+00
5.7900 0.00000000 0.0000e+00
5.7950 0.00000000 0.0000e+00
5.8000 0.00000000 0.0000e+00
5.8050 0.00000000 0.0000e+00
5.8100 0.00000000 0.0000e+00
5.8150 0.00000000 0.0000e+00
5.8200 0.00000000 0.0000e+00
5.8250 0.00000000 0.0000e+00
5.8300 0.00000000 0.0000e+00
5.8350 0.00000000 0.0000e+00
5.8400 0.00000000 0.0000e+00
5.8450 0.00000000 0.0000e+00
5.8500 0.00000000 0.0000e+00
5.8550 0.00000000 0.0000e+00
5.8600 0.00000000 0.0000e+00
5.8650 0.00000000 0.0000e+00
5.8700 0.00000000 0.0000e+00
5.8750 0.00000000 0.0000e+00
5.8800 0.00000000 0.0000e+00
5.8850 0.00000000 0.0000e+00
5.8900 0.00000000 0.0000e+00
5.8950 0.00000000 0.0000e+00
5.9000 0.00000000 0.0000e+00
5.9050 0.00000000 0.0000e+00
5.9100 0.00000000 0.0000e+00
5.9150 0.00000000 0.0000e+00
5.9200 0.00000000 0.0000e+00
5.9250 0.00000000 0.0000e+00
5.9300 0.00000000 0.0000e+00
5.9350 0.00000000 0.0000e+00
5.9400 0.00000000 0.0000e+00
5.9450 0.00000000 0.0000e+00
5.9500 0.00000000 0.0000e+00
5.9550 0.00000000 0.0000e+00
5.9600 0.00000000 0.0000e+00
5.9650 0.00000000 0.0000e+00
5.9700 0.00000000 0.0000e+00
5.9750 0.00000000 0.0000e+00
5.9800 0.00000000 0.0000e+00
5.9850 0.00000000 0.0000e+00
5.9900 0.00000000 0.0000e+00
5.9950 0.00000000 0.0000e+00
6.0000 0.00000000 0.0000e+00
6.0050 0.00000000 0.0000e+00
6.0100 0.00000000 0.0000e+00
6.0150 0.00000000 0.0000e+00
6.0200 0.00000000 0.0000e+00
6.0250 0.00000000 0.0000e+00
6.0300 0.00000000 0.0000e+00
6.0350 0.00000000 0.0000e+00
6.0400 0.00000000 0.0000e+00
6.0450 0.00000000 0.0000e+00
6.0500 0.00000000 0.0000e+00
6.0550 0.00000000 0.0000e+00
6.0600 0.00000000 0.0000e+00
6.0650 0.00000000 0.0000e+00
6.0700 0.00000000 0.0000e+00
6.0750 0.00000000 0.0000e+00
6.0800 0.00000000 0.0000e+00
6.0850 0.00000000 0.0000e+00
6.0900 0.00000000 0.0000e+00
6.0950 0.00000000 0.0000e+00
6.1000 0.00000000 0.0000e+00
6.1050 0.00000000 0.0000e+00
6.1100 0.00000000 0.0000e+00
6.1150 0.00000000 0.0000e+00
6.1200 0.00000000 0.0000e+00
6.1250 0.00000000 0.0000e+00
6.1300 0.00000000 0.0000e+00
6.1350 0.00000000 0.0000e+00
6.1400 0.00000000 0.0000e+00
6.1450 0.00000000 0.0000e+00
6.1500 0.00000000 0.0000e+00
6.1550 0.00000000 0.0000e+00
6.1600 0.00000000 0.0000e+00
6.1650 0.00000000 0.0000e+00
6.1700 0.00000000 0.0000e+00
6.1750 0.00000000 0.0000e+00
6.1800 0.00000000 0.0000e+00
6.1850 0.00000000 0.0000e+00
6.1900 0.00000000 0.0000e+00
6.1950 0.00000000 0.0000e+00
6.2000 0.00000000 0.0000e+00
6.2050 0.00000000 0.0000e+00
6.2100 0.00000000 0.0000e+00
6.2150 0.00000000 0.0000e+00
6.2200 0.00000000 0.0000e+00
6.2250 0.00000000 0.0000e+00
6.2300 0.00000000 0.0000e+00
6.2350 0.00000000 0.0000e+00
6.2400 0.00000000 0.0000e+00
6.2450 0.00000000 0.0000e+00
6.2500 0.00000000 0.0000e+00
6.2550 0.00000000 0.0000e+00
6.2600 0.00000000 0.0000e+00
6.2650 0.00000000 0.0000e+00
6.2700 0.00000000 0.0000e+00
6.2750 0.00000000 0.0000e+00
6.2800 0.00000000 0.0000e+00
6.2850 0.00000000 0.0000e+00
6.2900 0.00000000 0.0000e+00
6.2950 0.00000000 0.0000e+00
6.3000 0.00000000 0.0000e+00
6.3050 0.00000000 0.0000e+00
6.3100 0.00000000 0.0000e+00
6.3150 0.00000000 0.0000e+00
6.3200 0.00000000 0.0000e+00
6.3250 0.00000000 0.0000e+00
6.3300 0.00000000 0.0000e+00
6.3350 0.00000000 0.0000e+00
6.3400 0.00000000 0.0000e+00
6.3450 0.00000000 0.0000e+00
6.3500 0.00000000 0.0000e+00
6.3550 0.00000000 0.0000e+00
6.3600 0.00000000 0.0000e+00
6.3650 0.00000000 0.0000e+00
6.3700 0.00000000 0.0000e+00
6.3750 0.00000000 0.0000e+00
6.3800 0.00000000 0.0000e+00
6.3850 0.00000000 0.0000e+00
6.3900 0.00000000 0.0000e+00
6.3950 0.00000000 0.0000e+00
6.4000 0.00000000 0.0000e+00
6.4050 0.00000000 0.0000e+00
6.4100 0.00000000 0.0000e+00
6.4150 0.00000000 0.0000e+00
6.4200 0.00000000 0.0000e+00
6.4250 0.00000000 0.0000e+00
6.4300 0.00000000 0.0000e+00
6.4350 0.00000000 0.0000e+00
6.4400 0.00000000 0.0000e+00
6.4450 0.00000000 0.0000e+00
6.4500 0.00000000 0.0000e+00
6.4550 0.00000000 0.0000e+00
6.4600 0.00000000 0.0000e+00
6.4650 0.00000000 0.0000e+00
6.4700 0.00000000 0.0000e+00
6.4750 0.00000000 0.0000e+00
6.4800 0.00000000 0.0000e+00
6.4850 0.00000000 0.0000e+00
6.4900 0.00000000 0.0000e+00
6.4950 0.00000000 0.0000e+00
6.5000 0.00000000 0.0000e+00
6.5050 0.00000000 0.0000e+00
6.5100 0.00000000 0.0000e+00
6.5150 0.00000000 0.0000e+00
6.5200 0.00000000 0.0000e+00
6.5250 0.00000000 0.0000e+00
6.5300 0.00000000 0.0000e+00
6.5350 0.00000000 0.0000e+00
6.5400 0.00000000 0.0000e+00
6.5450 0.00000000 0.0000e+00
6.5500 0.00000000 0.0000e+00
6.5550 0.00000000 0.0000e+00
6.5600 0.00000000 0.0000e+00
6.5650 0.00000000 0.0000e+00
6.5700 0.00000000 0.0000e+00
6.5750 0.00000000 0.0000e+00
6.5800 0.00000000 0.0000e+00
6.5850 0.00000000 0.0000e+00
6.5900 0.00000000 0.0000e+00
6.5950 0.00000000 0.0000e+00
6.6000 0.00000000 0.0000e+00
6.6050 0.00000000 0.0000e+00
6.6100 0.00000000 0.0000e+00
6.6150 0.00000000 0.0000e+00
6.6200 0.00000000 0.0000e+00
6.6250 0.00000000 0.0000e+00
6.6300 0.00000000 0.0000e+00
6.6350 0.00000000 0.0000e+00
6.6400 0.00000000 0.0000e+00
6.6450 0.00000000 0.0000e+00
6.6500 0.00000000 0.0000e+00
6.6550 0.00000000 0.0000e+00
6.6600 0.00000000 0.0000e+00
6.6650 0.00000000 0.0000e+00
6.6700 0.00000000 0.0000e+00
6.6750 0.00000000 0.0000e+00
6.6800 0.00000000 0.0000e+00
6.6850 0.00000000 0.0000e+00
6.6900 0.00000000 0.0000e+00
6.6950 0.00000000 0.0000e+00
6.7000 0.00000000 0.0000e+00
6.7050 0.00000000 0.0000e+00
6.7100 0.00000000 0.0000e+00
6.7150 0.00000000 0.0000e+00
6.7200 0.00000000 0.0000e+00
6.7250 0.00000000 0.0000e+00
6.7300 0.00000000 0.0000e+00
6.7350 0.00000000 0.0000e+00
6.7400 0.00000000 0.0000e+00
6.7450 0.00000000 0.0000e+00
6.7500 0.00000000 0.0000e+00
6.7550 0.00000000 0.0000e+00
6.7600 0.00000000 0.0000e+00
6.7650 0.00000000 0.0000e+00
6.7700 0.00000000 0.0000e+00
6.7750 0.00000000 0.0000e+00
6.7800 0.00000000 0.0000e+00
6.7850 0.00000000 0.0000e+00
6.7900 0.00000000 0.0000e+00
6.7950 0.00000000 0.0000e+00
6.8000 0.00000000 0.0000e+00
6.8050 0.00000000 0.0000e+00
6.8100 0.00000000 0.0000e+00
6.8150 0.00000000 0.0000e+00
6.8200 0.00000000 0.0000e+00
6.8250 0.00000000 0.0000e+00
6.8300 0.00000000 0.0000e+00
6.8350 0.00000000 0.0000e+00
6.8400 0.00000000 0.0000e+00
6.8450 0.00000000 0.0000e+00
6.8500 0.00000000 0.0000e+00
6.8550 0.00000000 0.0000e+00
6.8600 0.00000000 0.0000e+00
6.8650 0.00000000 0.0000e+00
6.8700 0.00000000 0.0000e+00
6.8750 0.00000000 0.0000e+00
6.8800 0.00000000 0.0000e+00
6.8850 0.00000000 0.0000e+00
6.8900 0.00000000 0.0000e+00
6.8950 0.00000000 0.0000e+00
6.9000 0.00000000 0.0000e+00
6.9050 0.00000000 0.0000e+00
6.9100 0.00000000 0.0000e+00
6.9150 0.00000000 0.0000e+00
6.9200 0.00000000 0.0000e+00
6.9250 0.00000000 0.0000e+00
6.9300 0.00000000 0.0000e+00
6.9350 0.00000000 0.0000e+00
6.9400 0.00000000 0.0000e+00
6.9450 0.00000000 0.0000e+00
6.9500 0.00000000 0.0000e+00
6.9550 0.00000000 0.0000e+00
6.9600 0.00000000 0.0000e+00
6.9650 0.00000000 0.0000e+00
6.9700 0.00000000 0.0000e+00
6.9750 0.00000000 0.0000e+00
6.9800 0.00000000 0.0000e+00
6.9850 0.00000000 0.0000e+00
6.9900 0.00000000 0.0000e+00
6.9950 0.00000000 0.0000e+00
7.0000 0.00000000 0.0000e+00
7.0050 0.00000000 0.0000e+00
7.0100 0.00000000 0.0000e+00
7.0150 0.00000000 0.0000e+00
7.0200 0.00000000 0.0000e+00
7.0250 0.00000000 0.0000e+00
7.0300 0.00000000 0.0000e+00
7.0350 0.00000000 0.0000e+00
7.0400 0.00000000 0.0000e+00
7.0450 0.00000000 0.0000e+00
7.0500 0.00000000 0.0000e+00
7.0550 0.00000000 0.0000e+00
7.0600 0.00000000 0.0000e+00
7.0650 0.00000000 0.0000e+00
7.0700 0.00000000 0.0000e+00
7.0750 0.00000000 0.0000e+00
7.0800 0.00000000 0.0000e+00
7.0850 0.00000000 0.0000e+00
7.0900 0.00000000 0.0000e+00
7.0950 0.00000000 0.0000e+00
7.1000 0.00000000 0.0000e+00
7.1050 0.00000000 0.0000e+00
7.1100 0.00000000 0.0000e+00
7.1150 0.00000000 0.0000e+00
7.1200 0.00000000 0.0000e+00
7.1250 0.00000000 0.0000e+00
7.1300 0.00000000 0.0000e+00
7.1350 0.00000000 0.0000e+00
7.1400 0.00000000 0.0000e+00
7.1450 0.00000000 0.0000e+00
7.1500 0.00000000 0.0000e+00
7.1550 0.00000000 0.0000e+00
7.1600 0.00000000 0.0000e+00
7.1650 0.00000000 0.0000e+00
7.1700 0.00000000 0.0000e+00
7.1750 0.00000000 0.0000e+00
7.1800 0.00000000 0.0000e+00
7.1850 0.00000000 0.0000e+00
7.1900 0.00000000 0.0000e+00
7.1950 0.00000000 0.0000e+00
7.2000 0.00000000 0.0000e+00
7.2050 0.00000000 0.0000e+00
7.2100 0.00000000 0.0000e+00
7.2150 0.00000000 0.0000e+00
7.2200 0.00000000 0.0000e+00
7.2250 0.00000000 0.0000e+00
7.2300 0.00000000 0.0000e+00
7.2350 0.00000000 0.0000e+00
7.2400 0.00000000 0.0000e+00
7.2450 0.00000000 0.0000e+00
7.2500 0.00000000 0.0000e+00
7.2550 0.00000000 0.0000e+00
7.2600 0.00000000 0.0000e+00
7.2650 0.00000000 0.0000e+00
7.2700 0.00000000 0.0000e+00
7.2750 0.00000000 0.0000e+00
7.2800 0.00000000 0.0000e+00
7.2850 0.00000000 0.0000e+00
7.2900 0.00000000 0.0000e+00
7.2950 0.00000000 0.0000e+00
7.3000 0.00000000 0.0000e+00
7.3050 0.00000000 0.0000e+00
7.3100 0.00000000 0.0000e+00
7.3150 0.00000000 0.0000e+00
7.3200 0.00000000 0.0000e+00
7.3250 0.00000000 0.0000e+00
7.3300 0.00000000 0.0000e+00
7.3350 0.00000000 0.0000e+00
7.3400 0.00000000 0.0000e+00
7.3450 0.00000000 0.0000e+00
7.3500 0.00000000 0.0000e+00
7.3550 0.00000000 0.0000e+00
7.3600 0.00000000 0.0000e+00
7.3650 0.00000000 0.0000e+00
7.3700 0.00000000 0.0000e+00
7.3750 0.00000000 0.0000e+00
7.3800 0.00000000 0.0000e+00
7.3850 0.00000000 0.0000e+00
7.3900 0.00000000 0.0000e+00
7.3950 0.00000000 0.0000e+00
7.4000 0.00000000 0.0000e+00
7.4050 0.00000000 0.0000e+00
7.4100 0.00000000 0.0000e+00
7.4150 0.00000000 0.0000e+00
7.4200 0.00000000 0.0000e+00
7.4250 0.00000000 0.0000e+00
7.4300 0.00000000 0.0000e+00
7.4350 0.00000000 0.0000e+00
7.4400 0.00000000 0.0000e+00
7.4450 0.00000000 0.0000e+00
7.4500 0.00000000 0.0000e+00
7.4550 0.00000000 0.0000e+00
7.4600 0.00000000 0.0000e+00
7.4650 0.00000000 0.0000e+00
7.4700 0.00000000 0.0000e+00
7.4750 0.00000000 0.0000e+00
7.4800 0.00000000 0.0000e+00
7.4850 0.00000000 0.0000e+00
7.4900 0.00000000 0.0000e+00
7.4950 0.00000000 0.0000e+00
7.5000 0.00000000 0.0000e+00
7.5050 0.00000000 0.0000e+00
7.5100 0.00000000 0.0000e+00
7.5150 0.00000000 0.0000e+00
7.5200 0.00000000 0.0000e+00
7.5250 0.00000000 0.0000e+00
7.5300 0.00000000 0.0000e+00
7.5350 0.00000000 0.0000e+00
7.5400 0.00000000 0.0000e+00
7.5450 0.00000000 0.0000e+00
7.5500 0.00000000 0.0000e+00
7.5550 0.00000000 0.0000e+00
7.5600 0.00000000 0.0000e+00
7.5650 0.00000000 0.0000e+00
7.5700 0.00000000 0.0000e+00
7.5750 0.00000000 0.0000e+00
7.5800 0.00000000 0.0000e+00
7.5850 0.00000000 0.0000e+00
7.5900 0.00000000 0.0000e+00
7.5950 0.00000000 0.0000e+00
7.6000 0.00000000 0.0000e+00
7.6050 0.00000000 0.0000e+00
7.6100 0.00000000 0.0000e+00
7.6150 0.00000000 0.0000e+00
7.6200 0.00000000 0.0000e+00
7.6250 0.00000000 0.0000e+00
7.6300 0.00000000 0.0000e+00
7.6350 0.00000000 0.0000e+00
7.6400 0.00000000 0.0000e+00
7.6450 0.00000000 0.0000e+00
7.6500 0.00000000 0.0000e+00
7.6550 0.00000000 0.0000e+00
7.6600 0.00000000 0.0000e+00
7.6650 0.00000000 0.0000e+00
7.6700 0.00000000 0.0000e+00
7.6750 0.00000000 0.0000e+00
7.6800 0.00000000 0.0000e+00
7.6850 0.00000000 0.0000e+00
7.6900 0.00000000 0.0000e+00
7.6950 0.00000000 0.0000e+00
7.7000 0.00000000 0.0000e+00
7.7050 0.00000000 0.0000e+00
7.7100 0.00000000 0.0000e+00
7.7150 0.00000000 0.0000e+00
7.7200 0.00000000 0.0000e+00
7.7250 0.00000000 0.0000e+00
7.7300 0.00000000 0.0000e+00
7.7350 0.00000000 0.0000e+00
7.7400 0.00000000 0.0000e+00
7.7450 0.00000000 0.0000e+00
7.7500 0.00000000 0.0000e+00
7.7550 0.00000000 0.0000e+00
7.7600 0.00000000 0.0000e+00
7.7650 0.00000000 0.0000e+00
7.7700 0.00000000 0.0000e+00
7.7750 0.00000000 0.0000e+00
7.7800 0.00000000 0.0000e+00
7.7850 0.00000000 0.0000e+00
7.7900 0.00000000 0.0000e+00
7.7950 0.00000000 0.0000e+00
7.8000 0.00000000 0.0000e+00
7.8050 0.00000000 0.0000e+00
7.8100 0.00000000 0.0000e+00
7.8150 0.00000000 0.0000e+00
7.8200 0.00000000 0.0000e+00
7.8250 0.00000000 0.0000e+00
7.8300 0.00000000 0.0000e+00
7.8350 0.00000000 0.0000e+00
7.8400 0.00000000 0.0000e+00
7.8450 0.00000000 0.0000e+00
7.8500 0.00000000 0.0000e+00
7.8550 0.00000000 0.0000e+00
7.8600 0.00000000 0.0000e+00
7.8650 0.00000000 0.0000e+00
7.8700 0.00000000 0.0000e+00
7.8750 0.00000000 0.0000e+00
7.8800 0.00000000 0.0000e+00
7.8850 0.00000000 0.0000e+00
7.8900 0.00000000 0.0000e+00
7.8950 0.00000000 0.0000e+00
7.9000 0.00000000 0.0000e+00
7.9050 0.00000000 0.0000e+00
7.9100 0.00000000 0.0000e+00
7.9150 0.00000000 0.0000e+00
7.9200 0.00000000 0.0000e+00
7.9250 0.00000000 0.0000e+00
7.9300 0.00000000 0.0000e+00
7.9350 0.00000000 0.0000e+00
7.9400 0.00000000 0.0000e+00
7.9450 0.00000000 0.0000e+00
7.9500 0.00000000 0.0000e+00
7.9550 0.00000000 0.0000e+00
7.9600 0.00000000 0.0000e+00
7.9650 0.00000000 0.0000e+00
7.9700 0.00000000 0.0000e+00
7.9750 0.00000000 0.0000e+00
7.9800 0.00000000 0.0000e+00
7.9850 0.00000000 0.0000e+00
7.9900 0.00000000 0.0000e+00
7.9950 0.00000000 0.0000e+00
8.0000 0.00000000 0.0000e+00
