0.0050 0.00000000 0.0000e+00
0.0100 0.00000000 0.0000e+00
0.0150 0.00000000 0.0000e+00
0.0200 0.00000000 0.0000e+00
0.0250 0.00000000 0.0000e+00
0.0300 0.00000000 0.0000e+00
0.0350 0.00000000 0.0000e+00
0.0400 0.00000000 0.0000e+00
0.0450 0.00000000 0.0000e+00
0.0500 0.00000000 0.0000e+00
0.0550 0.00000000 0.0000e+00
0.0600 0.00000000 0.0000e+00
0.0650 0.00000000 0.0000e+00
0.0700 0.00000000 0.0000e+00
0.0750 0.00000000 0.0000e+00
0.0800 0.00000000 0.0000e+00
0.0850 0.00000000 0.0000e+00
0.0900 0.00000000 0.0000e+00
0.0950 0.00000000 0.0000e+00
0.1000 0.00000000 0.0000e+00
0.1050 0.00000000 0.0000e+00
0.1100 0.00000000 0.0000e+00
0.1150 0.00000000 0.0000e+00
0.1200 0.00000000 0.0000e+00
0.1250 0.00000000 0.0000e+00
0.1300 0.00000000 0.0000e+00
0.1350 0.00000000 0.0000e+00
0.1400 0.00000000 0.0000e+00
0.1450 0.00000000 0.0000e+00
0.1500 0.00000000 0.0000e+00
0.1550 0.00000000 0.0000e+00
0.1600 0.00000000 0.0000e+00
0.1650 0.00000000 0.0000e+00
0.1700 0.00000000 0.0000e+00
0.1750 0.00000000 0.0000e+00
0.1800 0.00000000 0.0000e+00
0.1850 0.00000000 0.0000e+00
0.1900 0.00000000 0.0000e+00
0.1950 0.00000000 0.0000e+00
0.2000 0.00000000 0.0000e+00
0.2050 0.00000000 0.0000e+00
0.2100 0.00000000 0.0000e+00
0.2150 0.00000000 0.0000e+00
0.2200 0.00000000 0.0000e+00
0.2250 0.00000000 0.0000e+00
0.2300 0.00000000 0.0000e+00
0.2350 0.00000000 0.0000e+00
0.2400 0.00000000 0.0000e+00
0.2450 0.00000000 0.0000e+00
0.2500 0.00000000 0.0000e+00
0.2550 0.00000000 0.0000e+00
0.2600 0.00000000 0.0000e+00
0.2650 0.00000000 0.0000e+00
0.2700 0.00000000 0.0000e+00
0.2750 0.00000000 0.0000e+00
0.2800 0.00000000 0.0000e+00
0.2850 0.00000000 0.0000e+00
0.2900 0.00000000 0.0000e+00
0.2950 0.00000000 0.0000e+00
0.3000 0.00000000 0.0000e+00
0.3050 0.00000000 0.0000e+00
0.3100 0.00000000 0.0000e+00
0.3150 0.00000000 0.0000e+00
0.3200 0.00000000 0.0000e+00
0.3250 0.00000000 0.0000e+00
0.3300 0.00000000 0.0000e+00
0.3350 0.00000000 0.0000e+00
0.3400 0.00000000 0.0000e+00
0.3450 0.00000000 0.0000e+00
0.3500 0.00000000 0.0000e+00
0.3550 0.00000000 0.0000e+00
0.3600 0.00000000 0.0000e+00
0.3650 0.00000000 0.0000e+00
0.3700 0.00000000 0.0000e+00
0.3750 0.00000000 0.0000e+00
0.3800 0.00000000 0.0000e+00
0.3850 0.00000000 0.0000e+00
0.3900 0.00000000 0.0000e+00
0.3950 0.00000000 0.0000e+00
0.4000 0.00000000 0.0000e+00
0.4050 0.00000000 0.0000e+00
0.4100 0.00000000 0.0000e+00
0.4150 0.00000000 0.0000e+00
0.4200 0.00000000 0.0000e+00
0.4250 0.00000000 0.0000e+00
0.4300 0.00000000 0.0000e+00
0.4350 0.00000000 0.0000e+00
0.4400 0.00000000 0.0000e+00
0.4450 0.00000000 0.0000e+00
0.4500 0.00000000 0.0000e+00
0.4550 0.00000000 0.0000e+00
0.4600 0.00000000 0.0000e+00
0.4650 0.00000000 0.0000e+00
0.4700 0.00000000 0.0000e+00
0.4750 0.00000000 0.0000e+00
0.4800 0.00000000 0.0000e+00
0.4850 0.00000000 0.0000e+00
0.4900 0.00000000 0.0000e+00
0.4950 0.00000000 0.0000e+00
0.5000 0.00000000 0.0000e+00
0.5050 0.00000000 0.0000e+00
0.5100 0.00000000 0.0000e+00
0.5150 0.00000000 0.0000e+00
0.5200 0.00000000 0.0000e+00
0.5250 0.00000000 0.0000e+00
0.5300 0.00000000 0.0000e+00
0.5350 0.00000000 0.0000e+00
0.5400 0.00000000 0.0000e+00
0.5450 0.00000000 0.0000e+00
0.5500 0.00000000 0.0000e+00
0.5550 0.00000000 0.0000e+00
0.5600 0.00000000 0.0000e+00
0.5650 0.00000000 0.0000e+00
0.5700 0.00000000 0.0000e+00
0.5750 0.00000000 0.0000e+00
0.5800 0.00000000 0.0000e+00
0.5850 0.00000000 0.0000e+00
0.5900 0.00000000 0.0000e+00
0.5950 0.00000000 0.0000e+00
0.6000 0.00000000 0.0000e+00
0.6050 0.00000000 0.0000e+00
0.6100 0.00000000 0.0000e+00
0.6150 0.00000000 0.0000e+00
0.6200 0.00000000 0.0000e+00
0.6250 0.00000000 0.0000e+00
0.6300 0.00000000 0.0000e+00
0.6350 0.00000000 0.0000e+00
0.6400 0.00000000 0.0000e+00
0.6450 0.00000000 0.0000e+00
0.6500 0.00000000 0.0000e+00
0.6550 0.00000000 0.0000e+00
0.6600 0.00000000 0.0000e+00
0.6650 0.00000000 0.0000e+00
0.6700 0.00000000 0.0000e+00
0.6750 0.00000000 0.0000e+00
0.6800 0.00000000 0.0000e+00
0.6850 0.00000000 0.0000e+00
0.6900 0.00000000 0.0000e+00
0.6950 0.00000000 0.0000e+00
0.7000 0.00000000 0.0000e+00
0.7050 0.00000000 0.0000e+00
0.7100 0.00000000 0.0000e+00
0.7150 0.00000000 0.0000e+00
0.7200 0.00000000 0.0000e+00
0.7250 0.00000000 0.0000e+00
0.7300 0.00000000 0.0000e+00
0.7350 0.00000000 0.0000e+00
0.7400 0.00000000 0.0000e+00
0.7450 0.00000000 0.0000e+00
0.7500 0.00000000 0.0000e+00
0.7550 0.00000000 0.0000e+00
0.7600 0.00000000 0.0000e+00
0.7650 0.00000000 0.0000e+00
0.7700 0.00000000 0.0000e+00
0.7750 0.00000000 0.0000e+00
0.7800 0.00000000 0.0000e+00
0.7850 0.00000000 0.0000e+00
0.7900 0.00000000 0.0000e+00
0.7950 0.00000000 0.0000e+00
0.8000 0.00000000 0.0000e+00
0.8050 0.00000000 0.0000e+00
0.8100 0.00000000 0.0000e+00
0.8150 0.00000000 0.0000e+00
0.8200 0.00000000 0.0000e+00
0.8250 0.00000000 0.0000e+00
0.8300 0.00000000 0.0000e+00
0.8350 0.00000000 0.0000e+00
0.8400 0.00000000 0.0000e+00
0.8450 0.00000000 0.0000e+00
0.8500 0.00000000 0.0000e+00
0.8550 0.00000000 0.0000e+00
0.8600 0.00000000 0.0000e+00
0.8650 0.00000000 0.0000e+00
0.8700 0.00000000 0.0000e+00
0.8750 0.00000000 0.0000e+00
0.8800 0.00000000 0.0000e+00
0.8850 0.00000000 0.0000e+00
0.8900 0.00000000 0.0000e+00
0.8950 0.00000000 0.0000e+00
0.9000 0.00000000 0.0000e+00
0.9050 0.00000000 0.0000e+00
0.9100 0.00000000 0.0000e+00
0.9150 0.00000000 0.0000e+00
0.9200 0.00000000 0.0000e+00
0.9250 0.00000000 0.0000e+00
0.9300 0.00000000 0.0000e+00
0.9350 0.00000000 0.0000e+00
0.9400 0.00000000 0.0000e+00
0.9450 0.00000000 0.0000e+00
0.9500 0.00000000 0.0000e+00
0.9550 0.00000000 0.0000e+00
0.9600 0.00000000 0.0000e+00
0.9650 0.00000000 0.0000e+00
0.9700 0.00000000 0.0000e+00
0.9750 0.00000000 0.0000e+00
0.9800 0.00000000 0.0000e+00
0.9850 0.00000000 0.0000e+00
0.9900 0.00000000 0.0000e+00
0.9950 0.00000000 0.0000e+00
1.0000 0.00000000 0.0000e+00
1.0050 0.00000000 0.0000e+00
1.0100 0.00000000 0.0000e+00
1.0150 0.00000000 0.0000e+00
1.0200 0.00000000 0.0000e+00
1.0250 0.00000000 0.0000e+00
1.0300 0.00000000 0.0000e+00
1.0350 0.00000000 0.0000e+00
1.0400 0.00000000 0.0000e+00
1.0450 0.00000000 0.0000e+00
1.0500 0.00000000 0.0000e+00
1.0550 0.00000000 0.0000e+00
1.0600 0.00000000 0.0000e+00
1.0650 0.00000000 0.0000e+00
1.0700 0.00000000 0.0000e+00
1.0750 0.00000000 0.0000e+00
1.0800 0.00000000 0.0000e+00
1.0850 0.00000000 0.0000e+00
1.0900 0.00000000 0.0000e+00
1.0950 0.00000000 0.0000e+00
1.1000 0.00000000 0.0000e+00
1.1050 0.00000000 0.0000e+00
1.1100 0.00000000 0.0000e+00
1.1150 0.00000000 0.0000e+00
1.1200 0.00000000 0.0000e+00
1.1250 0.00000000 0.0000e+00
1.1300 0.00000000 0.0000e+00
1.1350 0.00000000 0.0000e+00
1.1400 0.00000000 0.0000e+00
1.1450 0.00000000 0.0000e+00
1.1500 0.00000000 0.0000e+00
1.1550 0.00000000 0.0000e+00
1.1600 0.00000000 0.0000e+00
1.1650 0.00000000 0.0000e+00
1.1700 0.00000000 0.0000e+00
1.1750 0.00000000 0.0000e+00
1.1800 0.00000000 0.0000e+00
1.1850 0.00000000 0.0000e+00
1.1900 0.00000000 0.0000e+00
1.1950 0.00000000 0.0000e+00
1.2000 0.00000000 0.0000e+00
1.2050 0.00000000 0.0000e+00
1.2100 0.00000000 0.0000e+00
1.2150 0.00000000 0.0000e+00
1.2200 0.00000000 0.0000e+00
1.2250 0.00000000 0.0000e+00
1.2300 0.00000000 0.0000e+00
1.2350 0.00000000 0.0000e+00
1.2400 0.00000000 0.0000e+00
1.2450 0.00000000 0.0000e+00
1.2500 0.00000000 0.0000e+00
1.2550 0.00000000 0.0000e+00
1.2600 0.00000000 0.0000e+00
1.2650 0.00000000 0.0000e+00
1.2700 0.00000000 0.0000e+00
1.2750 0.00000000 0.0000e+00
1.2800 0.00000000 0.0000e+00
1.2850 0.00000000 0.0000e+00
1.2900 0.00000000 0.0000e+00
1.2950 0.00000000 0.0000e+00
1.3000 0.00000000 0.0000e+00
1.3050 0.00000000 0.0000e+00
1.3100 0.00000000 0.0000e+00
1.3150 0.00000000 0.0000e+00
1.3200 0.00000000 0.0000e+00
1.3250 0.00000000 0.0000e+00
1.3300 0.00000000 0.0000e+00
1.3350 0.00000000 0.0000e+00
1.3400 0.00000000 0.0000e+00
1.3450 0.00000000 0.0000e+00
1.3500 0.00000000 0.0000e+00
1.3550 0.00000000 0.0000e+00
1.3600 0.00000000 0.0000e+00
1.3650 0.00000000 0.0000e+00
1.3700 0.00000000 0.0000e+00
1.3750 0.00000000 0.0000e+00
1.3800 0.00000000 0.0000e+00
1.3850 0.00000000 0.0000e+00
1.3900 0.00000000 0.0000e+00
1.3950 0.00000000 0.0000e+00
1.4000 0.00000000 0.0000e+00
1.4050 0.00000000 0.0000e+00
1.4100 0.00000000 0.0000e+00
1.4150 0.00000000 0.0000e+00
1.4200 0.00000000 0.0000e+00
1.4250 0.00000000 0.0000e+00
1.4300 0.00000000 0.0000e+00
1.4350 0.00000000 0.0000e+00
1.4400 0.00000000 0.0000e+00
1.4450 0.00000000 0.0000e+00
1.4500 0.00000000 0.0000e+00
1.4550 0.00000000 0.0000e+00
1.4600 0.00000000 0.0000e+00
1.4650 0.00000000 0.0000e+00
1.4700 0.00000000 0.0000e+00
1.4750 0.00000000 0.0000e+00
1.4800 0.00000000 0.0000e+00
1.4850 0.00000000 0.0000e+00
1.4900 0.00000000 0.0000e+00
1.4950 0.00000000 0.0000e+00
1.5000 0.00000000 0.0000e+00
1.5050 0.00000000 0.0000e+00
1.5100 0.00000000 0.0000e+00
1.5150 0.00000000 0.0000e+00
1.5200 0.00000000 0.0000e+00
1.5250 0.00000000 0.0000e+00
1.5300 0.00000000 0.0000e+00
1.5350 0.00000000 0.0000e+00
1.5400 0.00000000 0.0000e+00
1.5450 0.00000000 0.0000e+00
1.5500 0.00000000 0.0000e+00
1.5550 0.00000000 0.0000e+00
1.5600 0.00000000 0.0000e+00
1.5650 0.00000000 0.0000e+00
1.5700 0.00000000 0.0000e+00
1.5750 0.00000000 0.0000e+00
1.5800 0.00000000 0.0000e+00
1.5850 0.00000000 0.0000e+00
1.5900 0.00000000 0.0000e+00
1.5950 0.00000000 0.0000e+00
1.6000 0.00000000 0.0000e+00
1.6050 0.00000000 0.0000e+00
1.6100 0.00000000 0.0000e+00
1.6150 0.00000000 0.0000e+00
1.6200 0.00000000 0.0000e+00
1.6250 0.00000000 0.0000e+00
1.6300 0.00000000 0.0000e+00
1.6350 0.00000000 0.0000e+00
1.6400 0.00000000 0.0000e+00
1.6450 0.00000000 0.0000e+00
1.6500 0.00000000 0.0000e+00
1.6550 0.00000000 0.0000e+00
1.6600 0.00000000 0.0000e+00
1.6650 0.00000000 0.0000e+00
1.6700 0.00000000 0.0000e+00
1.6750 0.00000000 0.0000e+00
1.6800 0.00000000 0.0000e+00
1.6850 0.00000000 0.0000e+00
1.6900 0.00000000 0.0000e+00
1.6950 0.00000000 0.0000e+00
1.7000 0.00000000 0.0000e+00
1.7050 0.00000000 0.0000e+00
1.7100 0.00000000 0.0000e+00
1.7150 0.00000000 0.0000e+00
1.7200 0.00000000 0.0000e+00
1.7250 0.00000000 0.0000e+00
1.7300 0.00000000 0.0000e+00
1.7350 0.00000000 0.0000e+00
1.7400 0.00000000 0.0000e+00
1.7450 0.00000000 0.0000e+00
1.7500 0.00000000 0.0000e+00
1.7550 0.00000000 0.0000e+00
1.7600 0.00000000 0.0000e+00
1.7650 0.00000000 0.0000e+00
1.7700 0.00000000 0.0000e+00
1.7750 0.00000000 0.0000e+00
1.7800 0.00000000 0.0000e+00
1.7850 0.00000000 0.0000e+00
1.7900 0.00000000 0.0000e+00
1.7950 0.00000000 0.0000e+00
1.8000 0.00000000 0.0000e+00
1.8050 0.00000000 0.0000e+00
1.8100 0.00000000 0.0000e+00
1.8150 0.00000000 0.0000e+00
1.8200 0.00000000 0.0000e+00
1.8250 0.00000000 0.0000e+00
1.8300 0.00000000 0.0000e+00
1.8350 0.00000000 0.0000e+00
1.8400 0.00000000 0.0000e+00
1.8450 0.00000000 0.0000e+00
1.8500 0.00000000 0.0000e+00
1.8550 0.00000000 0.0000e+00
1.8600 0.00000000 0.0000e+00
1.8650 0.00000000 0.0000e+00
1.8700 0.00000000 0.0000e+00
1.8750 0.00000000 0.0000e+00
1.8800 0.00000000 0.0000e+00
1.8850 0.00000000 0.0000e+00
1.8900 0.00000000 0.0000e+00
1.8950 0.00000000 0.0000e+00
1.9000 0.00000000 0.0000e+00
1.9050 0.00000000 0.0000e+00
1.9100 0.00000000 0.0000e+00
1.9150 0.00000000 0.0000e+00
1.9200 0.00000000 0.0000e+00
1.9250 0.00000000 0.0000e+00
1.9300 0.00000000 0.0000e+00
1.9350 0.00000000 0.0000e+00
1.9400 0.00000000 0.0000e+00
1.9450 0.00000000 0.0000e+00
1.9500 0.00000000 0.0000e+00
1.9550 0.00000000 0.0000e+00
1.9600 0.00000000 0.0000e+00
1.9650 0.00000000 0.0000e+00
1.9700 0.00000000 0.0000e+00
1.9750 0.00000000 0.0000e+00
1.9800 0.00000000 0.0000e+00
1.9850 0.00000000 0.0000e+00
1.9900 0.00000000 0.0000e+00
1.9950 0.00000000 0.0000e+00
2.0000 0.00000000 0.0000e+00
2.0050 0.00002997 2.2869e+09
2.0100 0.00003176 2.4241e+09
2.0150 0.00003356 2.5612e+09
2.0200 0.00003536 2.6983e+09
2.0250 0.00003715 2.8354e+09
2.0300 0.00003895 2.9726e+09
2.0350 0.00004075 3.1097e+09
2.0400 0.00004255 3.2468e+09
2.0450 0.00004434 3.3839e+09
2.0500 0.00004614 3.5211e+09
2.0550 0.00004794 3.6582e+09
2.0600 0.00004973 3.7953e+09
2.0650 0.00005153 3.9325e+09
2.0700 0.00005333 4.0696e+09
2.0750 0.00005512 4.2067e+09
2.0800 0.00005692 4.3438e+09
2.0850 0.00005872 4.4810e+09
2.0900 0.00006051 4.6181e+09
2.0950 0.00006231 4.7552e+09
2.1000 0.00006411 4.8923e+09
2.1050 0.00006590 5.0295e+09
2.1100 0.00006770 5.1666e+09
2.1150 0.00006950 5.3037e+09
2.1200 0.00007130 5.4408e+09
2.1250 0.00007309 5.5780e+09
2.1300 0.00007489 5.7151e+09
2.1350 0.00007669 5.8522e+09
2.1400 0.00007848 5.9893e+09
2.1450 0.00008028 6.1265e+09
2.1500 0.00008208 6.2636e+09
2.1550 0.00008387 6.4007e+09
2.1600 0.00008567 6.5378e+09
2.1650 0.00008747 6.6750e+09
2.1700 0.00008926 6.8121e+09
2.1750 0.00009106 6.9492e+09
2.1800 0.00009286 7.0863e+09
2.1850 0.00009465 7.2235e+09
2.1900 0.00009645 7.3606e+09
2.1950 0.00009825 7.4977e+09
2.2000 0.00010004 7.6348e+09
2.2050 0.00010184 7.7720e+09
2.2100 0.00010364 7.9091e+09
2.2150 0.00010544 8.0462e+09
2.2200 0.00010723 8.1833e+09
2.2250 0.00010903 8.3205e+09
2.2300 0.00011083 8.4576e+09
2.2350 0.00011262 8.5947e+09
2.2400 0.00011442 8.7318e+09
2.2450 0.00011622 8.8690e+09
2.2500 0.00011801 9.0061e+09
2.2550 0.00011981 9.1432e+09
2.2600 0.00012161 9.2803e+09
2.2650 0.00012340 9.4175e+09
2.2700 0.00012520 9.5546e+09
2.2750 0.00012700 9.6917e+09
2.2800 0.00012879 9.8288e+09
2.2850 0.00013059 9.9660e+09
2.2900 0.00013239 1.0103e+10
2.2950 0.00013418 1.0240e+10
2.3000 0.00013598 1.0377e+10
2.3050 0.00013991 1.0677e+10
2.3100 0.00014480 1.1050e+10
2.3150 0.00014969 1.1424e+10
2.3200 0.00015458 1.1797e+10
2.3250 0.00015947 1.2170e+10
2.3300 0.00016436 1.2543e+10
2.3350 0.00016925 1.2916e+10
2.3400 0.00017414 1.3290e+10
2.3450 0.00017903 1.3663e+10
2.3500 0.00018392 1.4036e+10
2.3550 0.00018881 1.4409e+10
2.3600 0.00019370 1.4782e+10
2.3650 0.00019859 1.5155e+10
2.3700 0.00020348 1.5529e+10
2.3750 0.00020837 1.5902e+10
2.3800 0.00021326 1.6275e+10
2.3850 0.00021815 1.6648e+10
2.3900 0.00022304 1.7021e+10
2.3950 0.00022793 1.7395e+10
2.4000 0.00023282 1.7768e+10
2.4050 0.00023771 1.8141e+10
2.4100 0.00024260 1.8514e+10
2.4150 0.00024749 1.8887e+10
2.4200 0.00025238 1.9260e+10
2.4250 0.00025727 1.9634e+10
2.4300 0.00026216 2.0007e+10
2.4350 0.00026705 2.0380e+10
2.4400 0.00027194 2.0753e+10
2.4450 0.00027683 2.1126e+10
2.4500 0.00028172 2.1499e+10
2.4550 0.00028661 2.1873e+10
2.4600 0.00029150 2.2246e+10
2.4650 0.00029639 2.2619e+10
2.4700 0.00030128 2.2992e+10
2.4750 0.00030617 2.3365e+10
2.4800 0.00031316 2.3899e+10
2.4850 0.00032251 2.4612e+10
2.4900 0.00033185 2.5325e+10
2.4950 0.00034120 2.6038e+10
2.5000 0.00035054 2.6752e+10
2.5050 0.00035989 2.7465e+10
2.5100 0.00036923 2.8178e+10
2.5150 0.00037858 2.8891e+10
2.5200 0.00038792 2.9604e+10
2.5250 0.00039727 3.0317e+10
2.5300 0.00040661 3.1030e+10
2.5350 0.00041596 3.1744e+10
2.5400 0.00042530 3.2457e+10
2.5450 0.00043465 3.3170e+10
2.5500 0.00044399 3.3883e+10
2.5550 0.00045334 3.4596e+10
2.5600 0.00046268 3.5309e+10
2.5650 0.00047203 3.6023e+10
2.5700 0.00048137 3.6736e+10
2.5750 0.00049072 3.7449e+10
2.5800 0.00050006 3.8162e+10
2.5850 0.00050941 3.8875e+10
2.5900 0.00051875 3.9588e+10
2.5950 0.00052810 4.0302e+10
2.6000 0.00053744 4.1015e+10
2.6050 0.00054960 4.1943e+10
2.6100 0.00056476 4.3100e+10
2.6150 0.00057992 4.4257e+10
2.6200 0.00059508 4.5413e+10
2.6250 0.00061025 4.6570e+10
2.6300 0.00062541 4.7727e+10
2.6350 0.00064057 4.8884e+10
2.6400 0.00065573 5.0041e+10
2.6450 0.00067089 5.1198e+10
2.6500 0.00068605 5.2355e+10
2.6550 0.00070121 5.3512e+10
2.6600 0.00071637 5.4669e+10
2.6650 0.00073153 5.5826e+10
2.6700 0.00074669 5.6983e+10
2.6750 0.00076185 5.8140e+10
2.6800 0.00077701 5.9297e+10
2.6850 0.00079217 6.0454e+10
2.6900 0.00080733 6.1611e+10
2.6950 0.00082249 6.2768e+10
2.7000 0.00083838 6.3980e+10
2.7050 0.00086066 6.5681e+10
2.7100 0.00088294 6.7381e+10
2.7150 0.00090522 6.9081e+10
2.7200 0.00092750 7.0782e+10
2.7250 0.00094978 7.2482e+10
2.7300 0.00097206 7.4182e+10
2.7350 0.00099434 7.5883e+10
2.7400 0.00101663 7.7583e+10
2.7450 0.00103891 7.9283e+10
2.7500 0.00106119 8.0984e+10
2.7550 0.00108347 8.2684e+10
2.7600 0.00110575 8.4385e+10
2.7650 0.00112803 8.6085e+10
2.7700 0.00115031 8.7785e+10
2.7750 0.00117259 8.9486e+10
2.7800 0.00119721 9.1364e+10
2.7850 0.00122828 9.3735e+10
2.7900 0.00125935 9.6106e+10
2.7950 0.00129041 9.8477e+10
2.8000 0.00132148 1.0085e+11
2.8050 0.00135255 1.0322e+11
2.8100 0.00138362 1.0559e+11
2.8150 0.00141469 1.0796e+11
2.8200 0.00144576 1.1033e+11
2.8250 0.00147683 1.1270e+11
2.8300 0.00150790 1.1507e+11
2.8350 0.00153897 1.1745e+11
2.8400 0.00157004 1.1982e+11
2.8450 0.00160111 1.2219e+11
2.8500 0.00163999 1.2515e+11
2.8550 0.00167998 1.2821e+11
2.8600 0.00171996 1.3126e+11
2.8650 0.00175995 1.3431e+11
2.8700 0.00179994 1.3736e+11
2.8750 0.00183993 1.4041e+11
2.8800 0.00187991 1.4346e+11
2.8850 0.00191990 1.4652e+11
2.8900 0.00195989 1.4957e+11
2.8950 0.00199988 1.5262e+11
2.9000 0.00203986 1.5567e+11
2.9050 0.00208270 1.5894e+11
2.9100 0.00213295 1.6277e+11
2.9150 0.00218320 1.6661e+11
2.9200 0.00223345 1.7044e+11
2.9250 0.00228370 1.7428e+11
2.9300 0.00233396 1.7811e+11
2.9350 0.00238421 1.8195e+11
2.9400 0.00243446 1.8578e+11
2.9450 0.00248471 1.8962e+11
2.9500 0.00253496 1.9345e+11
2.9550 0.00258578 1.9733e+11
2.9600 0.00264799 2.0208e+11
2.9650 0.00271020 2.0683e+11
2.9700 0.00277241 2.1157e+11
2.9750 0.00283462 2.1632e+11
2.9800 0.00289684 2.2107e+11
2.9850 0.00295905 2.2582e+11
2.9900 0.00302126 2.3057e+11
2.9950 0.00308347 2.3531e+11
3.0000 0.00314568 2.4006e+11
3.0050 0.00321711 2.4551e+11
3.0100 0.00328960 2.5104e+11
3.0150 0.00336210 2.5658e+11
3.0200 0.00343460 2.6211e+11
3.0250 0.00350709 2.6764e+11
3.0300 0.00357959 2.7317e+11
3.0350 0.00365208 2.7871e+11
3.0400 0.00372458 2.8424e+11
3.0450 0.00380596 2.9045e+11
3.0500 0.00389285 2.9708e+11
3.0550 0.00397974 3.0371e+11
3.0600 0.00406664 3.1034e+11
3.0650 0.00415353 3.1697e+11
3.0700 0.00424042 3.2360e+11
3.0750 0.00432731 3.3024e+11
3.0800 0.00441513 3.3694e+11
3.0850 0.00451759 3.4476e+11
3.0900 0.00462004 3.5258e+11
3.0950 0.00472250 3.6039e+11
3.1000 0.00482496 3.6821e+11
3.1050 0.00492742 3.7603e+11
3.1100 0.00502988 3.8385e+11
3.1150 0.00513383 3.9178e+11
3.1200 0.00525023 4.0067e+11
3.1250 0.00536663 4.0955e+11
3.1300 0.00548303 4.1843e+11
3.1350 0.00559943 4.2732e+11
3.1400 0.00571583 4.3620e+11
3.1450 0.00583223 4.4508e+11
3.1500 0.00595965 4.5481e+11
3.1550 0.00609249 4.6494e+11
3.1600 0.00622533 4.7508e+11
3.1650 0.00635816 4.8522e+11
3.1700 0.00649100 4.9536e+11
3.1750 0.00662384 5.0549e+11
3.1800 0.00676670 5.1640e+11
3.1850 0.00691433 5.2766e+11
3.1900 0.00706196 5.3893e+11
3.1950 0.00720958 5.5019e+11
3.2000 0.00735721 5.6146e+11
3.2050 0.00750638 5.7284e+11
3.2100 0.00767552 5.8575e+11
3.2150 0.00784465 5.9866e+11
3.2200 0.00801379 6.1157e+11
3.2250 0.00818292 6.2447e+11
3.2300 0.00835205 6.3738e+11
3.2350 0.00853616 6.5143e+11
3.2400 0.00872386 6.6576e+11
3.2450 0.00891156 6.8008e+11
3.2500 0.00909926 6.9440e+11
3.2550 0.00928696 7.0873e+11
3.2600 0.00947861 7.2335e+11
3.2650 0.00967101 7.3804e+11
3.2700 0.00986340 7.5272e+11
3.2750 0.01005580 7.6740e+11
3.2800 0.01025203 7.8238e+11
3.2850 0.01047088 7.9908e+11
3.2900 0.01068973 8.1578e+11
3.2950 0.01090858 8.3248e+11
3.3000 0.01112743 8.4918e+11
3.3050 0.01135744 8.6674e+11
3.3100 0.01159246 8.8467e+11
3.3150 0.01182748 9.0261e+11
3.3200 0.01206250 9.2054e+11
3.3250 0.01230831 9.3930e+11
3.3300 0.01256719 9.5906e+11
3.3350 0.01282607 9.7881e+11
3.3400 0.01308495 9.9857e+11
3.3450 0.01335032 1.0188e+12
3.3500 0.01362497 1.0398e+12
3.3550 0.01389963 1.0607e+12
3.3600 0.01417428 1.0817e+12
3.3650 0.01446989 1.1043e+12
3.3700 0.01478265 1.1281e+12
3.3750 0.01509540 1.1520e+12
3.3800 0.01540815 1.1759e+12
3.3850 0.01571815 1.1995e+12
3.3900 0.01602768 1.2231e+12
3.3950 0.01633721 1.2468e+12
3.4000 0.01665449 1.2710e+12
3.4050 0.01698917 1.2965e+12
3.4100 0.01732386 1.3221e+12
3.4150 0.01765854 1.3476e+12
3.4200 0.01801999 1.3752e+12
3.4250 0.01838438 1.4030e+12
3.4300 0.01874877 1.4308e+12
3.4350 0.01912927 1.4598e+12
3.4400 0.01951951 1.4896e+12
3.4450 0.01990976 1.5194e+12
3.4500 0.02031054 1.5500e+12
3.4550 0.02072350 1.5815e+12
3.4600 0.02113646 1.6130e+12
3.4650 0.02155154 1.6447e+12
3.4700 0.02196959 1.6766e+12
3.4750 0.02238764 1.7085e+12
3.4800 0.02282388 1.7418e+12
3.4850 0.02328050 1.7766e+12
3.4900 0.02373711 1.8115e+12
3.4950 0.02420386 1.8471e+12
3.5000 0.02467674 1.8832e+12
3.5050 0.02514962 1.9193e+12
3.5100 0.02561095 1.9545e+12
3.5150 0.02607048 1.9896e+12
3.5200 0.02653833 2.0253e+12
3.5250 0.02704092 2.0636e+12
3.5300 0.02754351 2.1020e+12
3.5350 0.02809623 2.1441e+12
3.5400 0.02868238 2.1889e+12
3.5450 0.02926433 2.2333e+12
3.5500 0.02979937 2.2741e+12
3.5550 0.03033442 2.3150e+12
3.5600 0.03092885 2.3603e+12
3.5650 0.03155737 2.4083e+12
3.5700 0.03218189 2.4559e+12
3.5750 0.03279480 2.5027e+12
3.5800 0.03340770 2.5495e+12
3.5850 0.03398627 2.5936e+12
3.5900 0.03456261 2.6376e+12
3.5950 0.03520085 2.6863e+12
3.6000 0.03586781 2.7372e+12
3.6050 0.03656143 2.7902e+12
3.6100 0.03728348 2.8453e+12
3.6150 0.03798710 2.8990e+12
3.6200 0.03865480 2.9499e+12
3.6250 0.03931813 3.0005e+12
3.6300 0.03996802 3.0501e+12
3.6350 0.04065414 3.1025e+12
3.6400 0.04148321 3.1658e+12
3.6450 0.04231626 3.2293e+12
3.6500 0.04316472 3.2941e+12
3.6550 0.04401276 3.3588e+12
3.6600 0.04485958 3.4234e+12
3.6650 0.04562299 3.4817e+12
3.6700 0.04622756 3.5278e+12
3.6750 0.04695926 3.5837e+12
3.6800 0.04783078 3.6502e+12
3.6850 0.04883878 3.7271e+12
3.6900 0.04992107 3.8097e+12
3.6950 0.05075445 3.8733e+12
3.7000 0.05155374 3.9343e+12
3.7050 0.05241973 4.0004e+12
3.7100 0.05335115 4.0715e+12
3.7150 0.05438852 4.1506e+12
3.7200 0.05534119 4.2233e+12
3.7250 0.05625630 4.2932e+12
3.7300 0.05716199 4.3623e+12
3.7350 0.05815683 4.4382e+12
3.7400 0.05927626 4.5236e+12
3.7450 0.06035253 4.6058e+12
3.7500 0.06134683 4.6816e+12
3.7550 0.06213232 4.7416e+12
3.7600 0.06315296 4.8195e+12
3.7650 0.06429739 4.9068e+12
3.7700 0.06556476 5.0035e+12
3.7750 0.06652394 5.0767e+12
3.7800 0.06747221 5.1491e+12
3.7850 0.06871283 5.2438e+12
3.7900 0.06977009 5.3245e+12
3.7950 0.07087868 5.4091e+12
3.8000 0.07211775 5.5036e+12
3.8050 0.07358236 5.6154e+12
3.8100 0.07475712 5.7050e+12
3.8150 0.07587674 5.7905e+12
3.8200 0.07720317 5.8917e+12
3.8250 0.07854800 5.9943e+12
3.8300 0.07966289 6.0794e+12
3.8350 0.08097640 6.1797e+12
3.8400 0.08265542 6.3078e+12
3.8450 0.08360039 6.3799e+12
3.8500 0.08518009 6.5005e+12
3.8550 0.08675776 6.6209e+12
3.8600 0.08833019 6.7409e+12
3.8650 0.08986260 6.8578e+12
3.8700 0.09104949 6.9484e+12
3.8750 0.09200724 7.0215e+12
3.8800 0.09385014 7.1621e+12
3.8850 0.09560403 7.2960e+12
3.8900 0.09693140 7.3973e+12
3.8950 0.09840334 7.5096e+12
3.9000 0.09998616 7.6304e+12
3.9050 0.10111880 7.7168e+12
3.9100 0.10252356 7.8240e+12
3.9150 0.10429483 7.9592e+12
3.9200 0.10621983 8.1061e+12
3.9250 0.10795598 8.2386e+12
3.9300 0.10930871 8.3418e+12
3.9350 0.11073607 8.4507e+12
3.9400 0.11242559 8.5797e+12
3.9450 0.11493329 8.7711e+12
3.9500 0.11688077 8.9197e+12
3.9550 0.11748295 8.9656e+12
3.9600 0.11938859 9.1111e+12
3.9650 0.12112150 9.2433e+12
3.9700 0.12292653 9.3811e+12
3.9750 0.12442337 9.4953e+12
3.9800 0.12638090 9.6447e+12
3.9850 0.12845956 9.8033e+12
3.9900 0.13038744 9.9504e+12
3.9950 0.13255904 1.0116e+13
4.0000 0.13477499 1.0285e+13
4.0050 0.13597754 1.0377e+13
4.0100 0.13748745 1.0492e+13
4.0150 0.13989276 1.0676e+13
4.0200 0.14264494 1.0886e+13
4.0250 0.14405896 1.0994e+13
4.0300 0.14651482 1.1181e+13
4.0350 0.14913660 1.1381e+13
4.0400 0.15044342 1.1481e+13
4.0450 0.15221884 1.1616e+13
4.0500 0.15467252 1.1804e+13
4.0550 0.15657235 1.1949e+13
4.0600 0.15877123 1.2117e+13
4.0650 0.16150318 1.2325e+13
4.0700 0.16272337 1.2418e+13
4.0750 0.16531973 1.2616e+13
4.0800 0.16792986 1.2815e+13
4.0850 0.16968148 1.2949e+13
4.0900 0.17196322 1.3123e+13
4.0950 0.17498960 1.3354e+13
4.1000 0.17740739 1.3539e+13
4.1050 0.17878457 1.3644e+13
4.1100 0.18075775 1.3794e+13
4.1150 0.18410417 1.4050e+13
4.1200 0.18603420 1.4197e+13
4.1250 0.18864858 1.4397e+13
4.1300 0.19186385 1.4642e+13
4.1350 0.19337911 1.4758e+13
4.1400 0.19613396 1.4968e+13
4.1450 0.19852998 1.5151e+13
4.1500 0.20158179 1.5384e+13
4.1550 0.20433624 1.5594e+13
4.1600 0.20611835 1.5730e+13
4.1650 0.20929508 1.5972e+13
4.1700 0.21038730 1.6056e+13
4.1750 0.21310815 1.6263e+13
4.1800 0.21617093 1.6497e+13
4.1850 0.21906536 1.6718e+13
4.1900 0.22154292 1.6907e+13
4.1950 0.22400628 1.7095e+13
4.2000 0.22748127 1.7360e+13
4.2050 0.23126848 1.7649e+13
4.2100 0.23242651 1.7737e+13
4.2150 0.23589596 1.8002e+13
4.2200 0.23758706 1.8131e+13
4.2250 0.23984445 1.8304e+13
4.2300 0.24248213 1.8505e+13
4.2350 0.24710301 1.8857e+13
4.2400 0.24845972 1.8961e+13
4.2450 0.25107258 1.9160e+13
4.2500 0.25519240 1.9475e+13
4.2550 0.25744823 1.9647e+13
4.2600 0.26232551 2.0019e+13
4.2650 0.26586977 2.0290e+13
4.2700 0.26684588 2.0364e+13
4.2750 0.26889569 2.0521e+13
4.2800 0.27295418 2.0830e+13
4.2850 0.27470933 2.0964e+13
4.2900 0.27899962 2.1292e+13
4.2950 0.28027270 2.1389e+13
4.3000 0.28345527 2.1632e+13
4.3050 0.28632493 2.1851e+13
4.3100 0.28993801 2.2126e+13
4.3150 0.29131982 2.2232e+13
4.3200 0.29634930 2.2616e+13
4.3250 0.29803264 2.2744e+13
4.3300 0.30154873 2.3012e+13
4.3350 0.30332283 2.3148e+13
4.3400 0.30901327 2.3582e+13
4.3450 0.31008230 2.3664e+13
4.3500 0.31551954 2.4079e+13
4.3550 0.31822813 2.4285e+13
4.3600 0.32253491 2.4614e+13
4.3650 0.32262962 2.4621e+13
4.3700 0.32762639 2.5003e+13
4.3750 0.32838353 2.5060e+13
4.3800 0.33453348 2.5530e+13
4.3850 0.33934935 2.5897e+13
4.3900 0.33910569 2.5879e+13
4.3950 0.34301831 2.6177e+13
4.4000 0.34782855 2.6544e+13
4.4050 0.34749213 2.6519e+13
4.4100 0.35362512 2.6987e+13
4.4150 0.35628018 2.7189e+13
4.4200 0.35809594 2.7328e+13
4.4250 0.36195964 2.7623e+13
4.4300 0.36623067 2.7949e+13
4.4350 0.36811878 2.8093e+13
4.4400 0.37339077 2.8495e+13
4.4450 0.37355351 2.8507e+13
4.4500 0.37961501 2.8970e+13
4.4550 0.38162803 2.9124e+13
4.4600 0.38670497 2.9511e+13
4.4650 0.39006600 2.9768e+13
4.4700 0.39495094 3.0140e+13
4.4750 0.39345502 3.0026e+13
4.4800 0.40277705 3.0738e+13
4.4850 0.40264940 3.0728e+13
4.4900 0.40752596 3.1100e+13
4.4950 0.41179596 3.1426e+13
4.5000 0.41401175 3.1595e+13
4.5050 0.41707725 3.1829e+13
4.5100 0.42043535 3.2085e+13
4.5150 0.42259765 3.2250e+13
4.5200 0.42608726 3.2517e+13
4.5250 0.43183680 3.2955e+13
4.5300 0.43621904 3.3290e+13
4.5350 0.43921172 3.3518e+13
4.5400 0.44259751 3.3777e+13
4.5450 0.44638796 3.4066e+13
4.5500 0.44327986 3.3829e+13
4.5550 0.45199676 3.4494e+13
4.5600 0.45498304 3.4722e+13
4.5650 0.45986795 3.5095e+13
4.5700 0.46481727 3.5472e+13
4.5750 0.46697155 3.5637e+13
4.5800 0.47014450 3.5879e+13
4.5850 0.47586048 3.6315e+13
4.5900 0.47662484 3.6373e+13
4.5950 0.48153389 3.6748e+13
4.6000 0.49241596 3.7578e+13
4.6050 0.50252454 3.8350e+13
4.6100 0.51435701 3.9253e+13
4.6150 0.52437819 4.0018e+13
4.6200 0.55788928 4.2575e+13
4.6250 0.58950364 4.4988e+13
4.6300 0.64578195 4.9282e+13
4.6350 0.71930934 5.4894e+13
4.6400 0.80078986 6.1112e+13
4.6450 0.91399471 6.9751e+13
4.6500 1.02773946 7.8431e+13
4.6550 1.15308837 8.7997e+13
4.6600 1.27571114 9.7355e+13
4.6650 1.38605369 1.0578e+14
4.6700 1.48785376 1.1354e+14
4.6750 1.56522214 1.1945e+14
4.6800 1.61649590 1.2336e+14
4.6850 1.63590523 1.2484e+14
4.6900 1.63539304 1.2480e+14
4.6950 1.63965406 1.2513e+14
4.7000 1.60407522 1.2241e+14
4.7050 1.58166853 1.2070e+14
4.7100 1.53980204 1.1751e+14
4.7150 1.51816546 1.1586e+14
4.7200 1.48041050 1.1298e+14
4.7250 1.45809749 1.1127e+14
4.7300 1.43047750 1.0917e+14
4.7350 1.39750265 1.0665e+14
4.7400 1.37129974 1.0465e+14
4.7450 1.33769655 1.0209e+14
4.7500 1.31862088 1.0063e+14
4.7550 1.30025992 9.9228e+13
4.7600 1.28250451 9.7873e+13
4.7650 1.26163443 9.6281e+13
4.7700 1.24832348 9.5265e+13
4.7750 1.21121704 9.2433e+13
4.7800 1.20314127 9.1817e+13
4.7850 1.18629419 9.0531e+13
4.7900 1.17551527 8.9709e+13
4.7950 1.14674257 8.7513e+13
4.8000 1.14540238 8.7411e+13
4.8050 1.12414069 8.5788e+13
4.8100 1.11767833 8.5295e+13
4.8150 1.11116996 8.4798e+13
4.8200 1.09447682 8.3524e+13
4.8250 1.09034936 8.3209e+13
4.8300 1.06774273 8.1484e+13
4.8350 1.06520369 8.1290e+13
4.8400 1.05072522 8.0185e+13
4.8450 1.05312452 8.0368e+13
4.8500 1.05027425 8.0151e+13
4.8550 1.01451965 7.7422e+13
4.8600 1.01819069 7.7703e+13
4.8650 1.00995508 7.7074e+13
4.8700 0.99937681 7.6267e+13
4.8750 0.99229327 7.5726e+13
4.8800 0.98587920 7.5237e+13
4.8850 0.97186874 7.4168e+13
4.8900 0.97927676 7.4733e+13
4.8950 0.97616155 7.4495e+13
4.9000 0.95788501 7.3100e+13
4.9050 0.96450403 7.3605e+13
4.9100 0.95206185 7.2656e+13
4.9150 0.96062447 7.3309e+13
4.9200 0.94794562 7.2342e+13
4.9250 0.95524670 7.2899e+13
4.9300 0.97677328 7.4542e+13
4.9350 1.01064701 7.7127e+13
4.9400 1.07062799 8.1704e+13
4.9450 1.15288530 8.7982e+13
4.9500 1.25164592 9.5519e+13
4.9550 1.38977542 1.0606e+14
4.9600 1.50679777 1.1499e+14
4.9650 1.57091490 1.1988e+14
4.9700 1.64792067 1.2576e+14
4.9750 1.62740802 1.2419e+14
4.9800 1.59450149 1.2168e+14
4.9850 1.53873249 1.1743e+14
4.9900 1.49280232 1.1392e+14
4.9950 1.42742957 1.0893e+14
5.0000 1.39989741 1.0683e+14
5.0050 1.31416901 1.0029e+14
5.0100 1.29039319 9.8475e+13
5.0150 1.20382328 9.1869e+13
5.0200 1.16270748 8.8731e+13
5.0250 1.13144415 8.6345e+13
5.0300 1.10113767 8.4033e+13
5.0350 1.05345061 8.0393e+13
5.0400 1.02357667 7.8114e+13
5.0450 0.97453204 7.4371e+13
5.0500 0.97524325 7.4425e+13
5.0550 0.95254923 7.2693e+13
5.0600 0.91183814 6.9586e+13
5.0650 0.91560374 6.9874e+13
5.0700 0.87378542 6.6682e+13
5.0750 0.87817966 6.7018e+13
5.0800 0.84914177 6.4802e+13
5.0850 0.84530120 6.4509e+13
5.0900 0.81643954 6.2306e+13
5.0950 0.81970688 6.2555e+13
5.1000 0.80399549 6.1356e+13
5.1050 0.77997732 5.9523e+13
5.1100 0.78258826 5.9723e+13
5.1150 0.78426983 5.9851e+13
5.1200 0.82335497 6.2834e+13
5.1250 0.88599194 6.7614e+13
5.1300 0.90115633 6.8771e+13
5.1350 0.97189508 7.4170e+13
5.1400 0.98279205 7.5001e+13
5.1450 0.97462798 7.4378e+13
5.1500 0.93734487 7.1533e+13
5.1550 0.93946105 7.1694e+13
5.1600 0.86758529 6.6209e+13
5.1650 0.82404172 6.2886e+13
5.1700 0.76769595 5.8586e+13
5.1750 0.72647120 5.5440e+13
5.1800 0.71422723 5.4506e+13
5.1850 0.66844066 5.1012e+13
5.1900 0.62641895 4.7805e+13
5.1950 0.62562427 4.7744e+13
5.2000 0.59113988 4.5112e+13
5.2050 0.56220556 4.2904e+13
5.2100 0.55233339 4.2151e+13
5.2150 0.51733128 3.9480e+13
5.2200 0.51431848 3.9250e+13
5.2250 0.51202066 3.9075e+13
5.2300 0.51011719 3.8929e+13
5.2350 0.47931089 3.6578e+13
5.2400 0.47828136 3.6500e+13
5.2450 0.49354711 3.7665e+13
5.2500 0.47499917 3.6249e+13
5.2550 0.51892257 3.9601e+13
5.2600 0.51971622 3.9662e+13
5.2650 0.52674088 4.0198e+13
5.2700 0.53401479 4.0753e+13
5.2750 0.48346747 3.6895e+13
5.2800 0.46387180 3.5400e+13
5.2850 0.42546151 3.2469e+13
5.2900 0.41443076 3.1627e+13
5.2950 0.36705028 2.8011e+13
5.3000 0.36031981 2.7498e+13
5.3050 0.32436819 2.4754e+13
5.3100 0.32456408 2.4769e+13
5.3150 0.31768503 2.4244e+13
5.3200 0.31750192 2.4230e+13
5.3250 0.31305370 2.3890e+13
5.3300 0.30103599 2.2973e+13
5.3350 0.30378355 2.3183e+13
5.3400 0.29506710 2.2518e+13
5.3450 0.29880732 2.2803e+13
5.3500 0.29544267 2.2547e+13
5.3550 0.29663188 2.2637e+13
5.3600 0.28933208 2.2080e+13
5.3650 0.26138206 1.9947e+13
5.3700 0.26355731 2.0113e+13
5.3750 0.24008105 1.8322e+13
5.3800 0.24208788 1.8475e+13
5.3850 0.22913725 1.7486e+13
5.3900 0.22576513 1.7229e+13
5.3950 0.22854092 1.7441e+13
5.4000 0.23037179 1.7581e+13
5.4050 0.20122029 1.5356e+13
5.4100 0.19084213 1.4564e+13
5.4150 0.18731114 1.4295e+13
5.4200 0.18897848 1.4422e+13
5.4250 0.17918893 1.3675e+13
5.4300 0.18360655 1.4012e+13
5.4350 0.18510997 1.4127e+13
5.4400 0.17601298 1.3432e+13
5.4450 0.17959574 1.3706e+13
5.4500 0.18837584 1.4376e+13
5.4550 0.16594106 1.2664e+13
5.4600 0.16166244 1.2337e+13
5.4650 0.15279689 1.1661e+13
5.4700 0.17317704 1.3216e+13
5.4750 0.13678850 1.0439e+13
5.4800 0.14619956 1.1157e+13
5.4850 0.13625142 1.0398e+13
5.4900 0.15614285 1.1916e+13
5.4950 0.15281742 1.1662e+13
5.5000 0.16107858 1.2293e+13
5.5050 0.13154090 1.0038e+13
5.5100 0.14464756 1.1039e+13
5.5150 0.12790875 9.7613e+12
5.5200 0.12073037 9.2135e+12
5.5250 0.13550092 1.0341e+13
5.5300 0.15108901 1.1530e+13
5.5350 0.14405538 1.0993e+13
5.5400 0.15325072 1.1695e+13
5.5450 0.12795322 9.7647e+12
5.5500 0.14108741 1.0767e+13
5.5550 0.13899677 1.0607e+13
5.5600 0.15152097 1.1563e+13
5.5650 0.14336506 1.0941e+13
5.5700 0.13095027 9.9934e+12
5.5750 0.12272371 9.3656e+12
5.5800 0.12749581 9.7298e+12
5.5850 0.14429543 1.1012e+13
5.5900 0.12086992 9.2241e+12
5.5950 0.14239294 1.0867e+13
5.6000 0.14454618 1.1031e+13
5.6050 0.13979996 1.0669e+13
5.6100 0.10821249 8.2582e+12
5.6150 0.07852681 5.9927e+12
5.6200 0.08509816 6.4942e+12
5.6250 0.09620562 7.3419e+12
5.6300 0.08792171 6.7097e+12
5.6350 0.07315493 5.5828e+12
5.6400 0.06693836 5.1084e+12
5.6450 0.08536856 6.5148e+12
5.6500 0.09276956 7.0796e+12
5.6550 0.08522926 6.5042e+12
5.6600 0.07766483 5.9269e+12
5.6650 0.04912969 3.7493e+12
5.6700 0.08657561 6.6070e+12
5.6750 0.07502523 5.7255e+12
5.6800 0.05757058 4.3935e+12
5.6850 0.09030175 6.8913e+12
5.6900 0.06915389 5.2774e+12
5.6950 0.06854120 5.2307e+12
5.7000 0.05443671 4.1543e+12
5.7050 0.06570737 5.0144e+12
5.7100 0.07215164 5.5062e+12
5.7150 0.09414716 7.1848e+12
5.7200 0.06029734 4.6016e+12
5.7250 0.07865407 6.0024e+12
5.7300 0.09845002 7.5131e+12
5.7350 0.07737395 5.9047e+12
5.7400 0.07747401 5.9124e+12
5.7450 0.08042378 6.1375e+12
5.7500 0.09276507 7.0793e+12
5.7550 0.05757148 4.3935e+12
5.7600 0.06292689 4.8022e+12
5.7650 0.05821288 4.4425e+12
5.7700 0.05686694 4.3398e+12
5.7750 0.04201022 3.2060e+12
5.7800 0.06354592 4.8495e+12
5.7850 0.09219298 7.0356e+12
5.7900 0.06595709 5.0335e+12
5.7950 0.05987568 4.5694e+12
5.8000 0.06236991 4.7597e+12
5.8050 0.05839736 4.4566e+12
5.8100 0.09189457 7.0129e+12
5.8150 0.06682520 5.0997e+12
5.8200 0.05121083 3.9081e+12
5.8250 0.06186829 4.7214e+12
5.8300 0.05718160 4.3638e+12
5.8350 0.04804448 3.6665e+12
5.8400 0.03796397 2.8972e+12
5.8450 0.04492540 3.4285e+12
5.8500 0.05982412 4.5654e+12
5.8550 0.03560828 2.7174e+12
5.8600 0.06633659 5.0624e+12
5.8650 0.04925973 3.7592e+12
5.8700 0.06324360 4.8264e+12
5.8750 0.06902124 5.2673e+12
5.8800 0.07102307 5.4201e+12
5.8850 0.04951896 3.7790e+12
5.8900 0.07631398 5.8238e+12
5.8950 0.03410179 2.6025e+12
5.9000 0.07283553 5.5584e+12
5.9050 0.08368770 6.3866e+12
5.9100 0.05733198 4.3753e+12
5.9150 0.02784412 2.1249e+12
5.9200 0.01207009 9.2112e+11
5.9250 0.03710684 2.8318e+12
5.9300 0.02847837 2.1733e+12
5.9350 0.01342413 1.0245e+12
5.9400 0.00994017 7.5858e+11
5.9450 0.02034342 1.5525e+12
5.9500 0.01220697 9.3157e+11
5.9550 0.01065109 8.1283e+11
5.9600 0.02883007 2.2001e+12
5.9650 0.01115306 8.5114e+11
5.9700 0.01141285 8.7096e+11
5.9750 0.01167870 8.9125e+11
5.9800 0.01195072 9.1201e+11
5.9850 0.01453753 1.1094e+12
5.9900 0.01251398 9.5500e+11
5.9950 0.01280543 9.7724e+11
6.0000 0.01310427 1.0000e+12
6.0050 0.01340901 1.0233e+12
6.0100 0.01372134 1.0471e+12
6.0150 0.01404088 1.0715e+12
6.0200 0.01437208 1.0968e+12
6.0250 0.01470974 1.1226e+12
6.0300 0.01504740 1.1483e+12
6.0350 0.00000000 0.0000e+00
6.0400 0.00000000 0.0000e+00
6.0450 0.00000000 0.0000e+00
6.0500 0.00000000 0.0000e+00
6.0550 0.00000000 0.0000e+00
6.0600 0.00000000 0.0000e+00
6.0650 0.00000000 0.0000e+00
6.0700 0.00000000 0.0000e+00
6.0750 0.00000000 0.0000e+00
6.0800 0.00000000 0.0000e+00
6.0850 0.00000000 0.0000e+00
6.0900 0.00000000 0.0000e+00
6.0950 0.00000000 0.0000e+00
6.1000 0.00000000 0.0000e+00
6.1050 0.00000000 0.0000e+00
6.1100 0.00000000 0.0000e+00
6.1150 0.00000000 0.0000e+00
6.1200 0.00000000 0.0000e+00
6.1250 0.00000000 0.0000e+00
6.1300 0.00000000 0.0000e+00
6.1350 0.00000000 0.0000e+00
6.1400 0.00000000 0.0000e+00
6.1450 0.00000000 0.0000e+00
6.1500 0.00000000 0.0000e+00
6.1550 0.00000000 0.0000e+00
6.1600 0.00000000 0.0000e+00
6.1650 0.00000000 0.0000e+00
6.1700 0.00000000 0.0000e+00
6.1750 0.00000000 0.0000e+00
6.1800 0.00000000 0.0000e+00
6.1850 0.00000000 0.0000e+00
6.1900 0.00000000 0.0000e+00
6.1950 0.00000000 0.0000e+00
6.2000 0.00000000 0.0000e+00
6.2050 0.00000000 0.0000e+00
6.2100 0.00000000 0.0000e+00
6.2150 0.00000000 0.0000e+00
6.2200 0.00000000 0.0000e+00
6.2250 0.00000000 0.0000e+00
6.2300 0.00000000 0.0000e+00
6.2350 0.00000000 0.0000e+00
6.2400 0.00000000 0.0000e+00
6.2450 0.00000000 0.0000e+00
6.2500 0.00000000 0.0000e+00
6.2550 0.00000000 0.0000e+00
6.2600 0.00000000 0.0000e+00
6.2650 0.00000000 0.0000e+00
6.2700 0.00000000 0.0000e+00
6.2750 0.00000000 0.0000e+00
6.2800 0.00000000 0.0000e+00
6.2850 0.00000000 0.0000e+00
6.2900 0.00000000 0.0000e+00
6.2950 0.00000000 0.0000e+00
6.3000 0.00000000 0.0000e+00
6.3050 0.00000000 0.0000e+00
6.3100 0.00000000 0.0000e+00
6.3150 0.00000000 0.0000e+00
6.3200 0.00000000 0.0000e+00
6.3250 0.00000000 0.0000e+00
6.3300 0.00000000 0.0000e+00
6.3350 0.00000000 0.0000e+00
6.3400 0.00000000 0.0000e+00
6.3450 0.00000000 0.0000e+00
6.3500 0.00000000 0.0000e+00
6.3550 0.00000000 0.0000e+00
6.3600 0.00000000 0.0000e+00
6.3650 0.00000000 0.0000e+00
6.3700 0.00000000 0.0000e+00
6.3750 0.00000000 0.0000e+00
6.3800 0.00000000 0.0000e+00
6.3850 0.00000000 0.0000e+00
6.3900 0.00000000 0.0000e+00
6.3950 0.00000000 0.0000e+00
6.4000 0.00000000 0.0000e+00
6.4050 0.00000000 0.0000e+00
6.4100 0.00000000 0.0000e+00
6.4150 0.00000000 0.0000e+00
6.4200 0.00000000 0.0000e+00
6.4250 0.00000000 0.0000e+00
6.4300 0.00000000 0.0000e+00
6.4350 0.00000000 0.0000e+00
6.4400 0.00000000 0.0000e+00
6.4450 0.00000000 0.0000e+00
6.4500 0.00000000 0.0000e+00
6.4550 0.00000000 0.0000e+00
6.4600 0.00000000 0.0000e+00
6.4650 0.00000000 0.0000e+00
6.4700 0.00000000 0.0000e+00
6.4750 0.00000000 0.0000e+00
6.4800 0.00000000 0.0000e+00
6.4850 0.00000000 0.0000e+00
6.4900 0.00000000 0.0000e+00
6.4950 0.00000000 0.0000e+00
6.5000 0.00000000 0.0000e+00
6.5050 0.00000000 0.0000e+00
6.5100 0.00000000 0.0000e+00
6.5150 0.00000000 0.0000e+00
6.5200 0.00000000 0.0000e+00
6.5250 0.00000000 0.0000e+00
6.5300 0.00000000 0.0000e+00
6.5350 0.00000000 0.0000e+00
6.5400 0.00000000 0.0000e+00
6.5450 0.00000000 0.0000e+00
6.5500 0.00000000 0.0000e+00
6.5550 0.00000000 0.0000e+00
6.5600 0.00000000 0.0000e+00
6.5650 0.00000000 0.0000e+00
6.5700 0.00000000 0.0000e+00
6.5750 0.00000000 0.0000e+00
6.5800 0.00000000 0.0000e+00
6.5850 0.00000000 0.0000e+00
6.5900 0.00000000 0.0000e+00
6.5950 0.00000000 0.0000e+00
6.6000 0.00000000 0.0000e+00
6.6050 0.00000000 0.0000e+00
6.6100 0.00000000 0.0000e+00
6.6150 0.00000000 0.0000e+00
6.6200 0.00000000 0.0000e+00
6.6250 0.00000000 0.0000e+00
6.6300 0.00000000 0.0000e+00
6.6350 0.00000000 0.0000e+00
6.6400 0.00000000 0.0000e+00
6.6450 0.00000000 0.0000e+00
6.6500 0.00000000 0.0000e+00
6.6550 0.00000000 0.0000e+00
6.6600 0.00000000 0.0000e+00
6.6650 0.00000000 0.0000e+00
6.6700 0.00000000 0.0000e+00
6.6750 0.00000000 0.0000e+00
6.6800 0.00000000 0.0000e+00
6.6850 0.00000000 0.0000e+00
6.6900 0.00000000 0.0000e+00
6.6950 0.00000000 0.0000e+00
6.7000 0.00000000 0.0000e+00
6.7050 0.00000000 0.0000e+00
6.7100 0.00000000 0.0000e+00
6.7150 0.00000000 0.0000e+00
6.7200 0.00000000 0.0000e+00
6.7250 0.00000000 0.0000e+00
6.7300 0.00000000 0.0000e+00
6.7350 0.00000000 0.0000e+00
6.7400 0.00000000 0.0000e+00
6.7450 0.00000000 0.0000e+00
6.7500 0.00000000 0.0000e+00
6.7550 0.00000000 0.0000e+00
6.7600 0.00000000 0.0000e+00
6.7650 0.00000000 0.0000e+00
6.7700 0.00000000 0.0000e+00
6.7750 0.00000000 0.0000e+00
6.7800 0.00000000 0.0000e+00
6.7850 0.00000000 0.0000e+00
6.7900 0.00000000 0.0000e+00
6.7950 0.00000000 0.0000e+00
6.8000 0.00000000 0.0000e+00
6.8050 0.00000000 0.0000e+00
6.8100 0.00000000 0.0000e+00
6.8150 0.00000000 0.0000e+00
6.8200 0.00000000 0.0000e+00
6.8250 0.00000000 0.0000e+00
6.8300 0.00000000 0.0000e+00
6.8350 0.00000000 0.0000e+00
6.8400 0.00000000 0.0000e+00
6.8450 0.00000000 0.0000e+00
6.8500 0.00000000 0.0000e+00
6.8550 0.00000000 0.0000e+00
6.8600 0.00000000 0.0000e+00
6.8650 0.00000000 0.0000e+00
6.8700 0.00000000 0.0000e+00
6.8750 0.00000000 0.0000e+00
6.8800 0.00000000 0.0000e+00
6.8850 0.00000000 0.0000e+00
6.8900 0.00000000 0.0000e+00
6.8950 0.00000000 0.0000e+00
6.9000 0.00000000 0.0000e+00
6.9050 0.00000000 0.0000e+00
6.9100 0.00000000 0.0000e+00
6.9150 0.00000000 0.0000e+00
6.9200 0.00000000 0.0000e+00
6.9250 0.00000000 0.0000e+00
6.9300 0.00000000 0.0000e+00
6.9350 0.00000000 0.0000e+00
6.9400 0.00000000 0.0000e+00
6.9450 0.00000000 0.0000e+00
6.9500 0.00000000 0.0000e+00
6.9550 0.00000000 0.0000e+00
6.9600 0.00000000 0.0000e+00
6.9650 0.00000000 0.0000e+00
6.9700 0.00000000 0.0000e+00
6.9750 0.00000000 0.0000e+00
6.9800 0.00000000 0.0000e+00
6.9850 0.00000000 0.0000e+00
6.9900 0.00000000 0.0000e+00
6.9950 0.00000000 0.0000e+00
7.0000 0.00000000 0.0000e+00
7.0050 0.00000000 0.0000e+00
7.0100 0.00000000 0.0000e+00
7.0150 0.00000000 0.0000e+00
7.0200 0.00000000 0.0000e+00
7.0250 0.00000000 0.0000e+00
7.0300 0.00000000 0.0000e+00
7.0350 0.00000000 0.0000e+00
7.0400 0.00000000 0.0000e+00
7.0450 0.00000000 0.0000e+00
7.0500 0.00000000 0.0000e+00
7.0550 0.00000000 0.0000e+00
7.0600 0.00000000 0.0000e+00
7.0650 0.00000000 0.0000e+00
7.0700 0.00000000 0.0000e+00
7.0750 0.00000000 0.0000e+00
7.0800 0.00000000 0.0000e+00
7.0850 0.00000000 0.0000e+00
7.0900 0.00000000 0.0000e+00
7.0950 0.00000000 0.0000e+00
7.1000 0.00000000 0.0000e+00
7.1050 0.00000000 0.0000e+00
7.1100 0.00000000 0.0000e+00
7.1150 0.00000000 0.0000e+00
7.1200 0.00000000 0.0000e+00
7.1250 0.00000000 0.0000e+00
7.1300 0.00000000 0.0000e+00
7.1350 0.00000000 0.0000e+00
7.1400 0.00000000 0.0000e+00
7.1450 0.00000000 0.0000e+00
7.1500 0.00000000 0.0000e+00
7.1550 0.00000000 0.0000e+00
7.1600 0.00000000 0.0000e+00
7.1650 0.00000000 0.0000e+00
7.1700 0.00000000 0.0000e+00
7.1750 0.00000000 0.0000e+00
7.1800 0.00000000 0.0000e+00
7.1850 0.00000000 0.0000e+00
7.1900 0.00000000 0.0000e+00
7.1950 0.00000000 0.0000e+00
7.2000 0.00000000 0.0000e+00
7.2050 0.00000000 0.0000e+00
7.2100 0.00000000 0.0000e+00
7.2150 0.00000000 0.0000e+00
7.2200 0.00000000 0.0000e+00
7.2250 0.00000000 0.0000e+00
7.2300 0.00000000 0.0000e+00
7.2350 0.00000000 0.0000e+00
7.2400 0.00000000 0.0000e+00
7.2450 0.00000000 0.0000e+00
7.2500 0.00000000 0.0000e+00
7.2550 0.00000000 0.0000e+00
7.2600 0.00000000 0.0000e+00
7.2650 0.00000000 0.0000e+00
7.2700 0.00000000 0.0000e+00
7.2750 0.00000000 0.0000e+00
7.2800 0.00000000 0.0000e+00
7.2850 0.00000000 0.0000e+00
7.2900 0.00000000 0.0000e+00
7.2950 0.00000000 0.0000e+00
7.3000 0.00000000 0.0000e+00
7.3050 0.00000000 0.0000e+00
7.3100 0.00000000 0.0000e+00
7.3150 0.00000000 0.0000e+00
7.3200 0.00000000 0.0000e+00
7.3250 0.00000000 0.0000e+00
7.3300 0.00000000 0.0000e+00
7.3350 0.00000000 0.0000e+00
7.3400 0.00000000 0.0000e+00
7.3450 0.00000000 0.0000e+00
7.3500 0.00000000 0.0000e+00
7.3550 0.00000000 0.0000e+00
7.3600 0.00000000 0.0000e+00
7.3650 0.00000000 0.0000e+00
7.3700 0.00000000 0.0000e+00
7.3750 0.00000000 0.0000e+00
7.3800 0.00000000 0.0000e+00
7.3850 0.00000000 0.0000e+00
7.3900 0.00000000 0.0000e+00
7.3950 0.00000000 0.0000e+00
7.4000 0.00000000 0.0000e+00
7.4050 0.00000000 0.0000e+00
7.4100 0.00000000 0.0000e+00
7.4150 0.00000000 0.0000e+00
7.4200 0.00000000 0.0000e+00
7.4250 0.00000000 0.0000e+00
7.4300 0.00000000 0.0000e+00
7.4350 0.00000000 0.0000e+00
7.4400 0.00000000 0.0000e+00
7.4450 0.00000000 0.0000e+00
7.4500 0.00000000 0.0000e+00
7.4550 0.00000000 0.0000e+00
7.4600 0.00000000 0.0000e+00
7.4650 0.00000000 0.0000e+00
7.4700 0.00000000 0.0000e+00
7.4750 0.00000000 0.0000e+00
7.4800 0.00000000 0.0000e+00
7.4850 0.00000000 0.0000e+00
7.4900 0.00000000 0.0000e+00
7.4950 0.00000000 0.0000e+00
7.5000 0.00000000 0.0000e+00
7.5050 0.00000000 0.0000e+00
7.5100 0.00000000 0.0000e+00
7.5150 0.00000000 0.0000e+00
7.5200 0.00000000 0.0000e+00
7.5250 0.00000000 0.0000e+00
7.5300 0.00000000 0.0000e+00
7.5350 0.00000000 0.0000e+00
7.5400 0.00000000 0.0000e+00
7.5450 0.00000000 0.0000e+00
7.5500 0.00000000 0.0000e+00
7.5550 0.00000000 0.0000e+00
7.5600 0.00000000 0.0000e+00
7.5650 0.00000000 0.0000e+00
7.5700 0.00000000 0.0000e+00
7.5750 0.00000000 0.0000e+00
7.5800 0.00000000 0.0000e+00
7.5850 0.00000000 0.0000e+00
7.5900 0.00000000 0.0000e+00
7.5950 0.00000000 0.0000e+00
7.6000 0.00000000 0.0000e+00
7.6050 0.00000000 0.0000e+00
7.6100 0.00000000 0.0000e+00
7.6150 0.00000000 0.0000e+00
7.6200 0.00000000 0.0000e+00
7.6250 0.00000000 0.0000e+00
7.6300 0.00000000 0.0000e+00
7.6350 0.00000000 0.0000e+00
7.6400 0.00000000 0.0000e+00
7.6450 0.00000000 0.0000e+00
7.6500 0.00000000 0.0000e+00
7.6550 0.00000000 0.0000e+00
7.6600 0.00000000 0.0000e+00
7.6650 0.00000000 0.0000e+00
7.6700 0.00000000 0.0000e+00
7.6750 0.00000000 0.0000e+00
7.6800 0.00000000 0.0000e+00
7.6850 0.00000000 0.0000e+00
7.6900 0.00000000 0.0000e+00
7.6950 0.00000000 0.0000e+00
7.7000 0.00000000 0.0000e+00
7.7050 0.00000000 0.0000e+00
7.7100 0.00000000 0.0000e+00
7.7150 0.00000000 0.0000e+00
7.7200 0.00000000 0.0000e+00
7.7250 0.00000000 0.0000e+00
7.7300 0.00000000 0.0000e+00
7.7350 0.00000000 0.0000e+00
7.7400 0.00000000 0.0000e+00
7.7450 0.00000000 0.0000e+00
7.7500 0.00000000 0.0000e+00
7.7550 0.00000000 0.0000e+00
7.7600 0.00000000 0.0000e+00
7.7650 0.00000000 0.0000e+00
7.7700 0.00000000 0.0000e+00
7.7750 0.00000000 0.0000e+00
7.7800 0.00000000 0.0000e+00
7.7850 0.00000000 0.0000e+00
7.7900 0.00000000 0.0000e+00
7.7950 0.00000000 0.0000e+00
7.8000 0.00000000 0.0000e+00
7.8050 0.00000000 0.0000e+00
7.8100 0.00000000 0.0000e+00
7.8150 0.00000000 0.0000e+00
7.8200 0.00000000 0.0000e+00
7.8250 0.00000000 0.0000e+00
7.8300 0.00000000 0.0000e+00
7.8350 0.00000000 0.0000e+00
7.8400 0.00000000 0.0000e+00
7.8450 0.00000000 0.0000e+00
7.8500 0.00000000 0.0000e+00
7.8550 0.00000000 0.0000e+00
7.8600 0.00000000 0.0000e+00
7.8650 0.00000000 0.0000e+00
7.8700 0.00000000 0.0000e+00
7.8750 0.00000000 0.0000e+00
7.8800 0.00000000 0.0000e+00
7.8850 0.00000000 0.0000e+00
7.8900 0.00000000 0.0000e+00
7.8950 0.00000000 0.0000e+00
7.9000 0.00000000 0.0000e+00
7.9050 0.00000000 0.0000e+00
7.9100 0.00000000 0.0000e+00
7.9150 0.00000000 0.0000e+00
7.9200 0.00000000 0.0000e+00
7.9250 0.00000000 0.0000e+00
7.9300 0.00000000 0.0000e+00
7.9350 0.00000000 0.0000e+00
7.9400 0.00000000 0.0000e+00
7.9450 0.00000000 0.0000e+00
7.9500 0.00000000 0.0000e+00
7.9550 0.00000000 0.0000e+00
7.9600 0.00000000 0.0000e+00
7.9650 0.00000000 0.0000e+00
7.9700 0.00000000 0.0000e+00
7.9750 0.00000000 0.0000e+00
7.9800 0.00000000 0.0000e+00
7.9850 0.00000000 0.0000e+00
7.9900 0.00000000 0.0000e+00
7.9950 0.00000000 0.0000e+00
8.0000 0.00000000 0.0000e+00
