0.0050 0.00000000 0.0000e+00
0.0100 0.00000000 0.0000e+00
0.0150 0.00000000 0.0000e+00
0.0200 0.00000000 0.0000e+00
0.0250 0.00000000 0.0000e+00
0.0300 0.00000000 0.0000e+00
0.0350 0.00000000 0.0000e+00
0.0400 0.00000000 0.0000e+00
0.0450 0.00000000 0.0000e+00
0.0500 0.00000000 0.0000e+00
0.0550 0.00000000 0.0000e+00
0.0600 0.00000000 0.0000e+00
0.0650 0.00000000 0.0000e+00
0.0700 0.00000000 0.0000e+00
0.0750 0.00000000 0.0000e+00
0.0800 0.00000000 0.0000e+00
0.0850 0.00000000 0.0000e+00
0.0900 0.00000000 0.0000e+00
0.0950 0.00000000 0.0000e+00
0.1000 0.00000000 0.0000e+00
0.1050 0.00000000 0.0000e+00
0.1100 0.00000000 0.0000e+00
0.1150 0.00000000 0.0000e+00
0.1200 0.00000000 0.0000e+00
0.1250 0.00000000 0.0000e+00
0.1300 0.00000000 0.0000e+00
0.1350 0.00000000 0.0000e+00
0.1400 0.00000000 0.0000e+00
0.1450 0.00000000 0.0000e+00
0.1500 0.00000000 0.0000e+00
0.1550 0.00000000 0.0000e+00
0.1600 0.00000000 0.0000e+00
0.1650 0.00000000 0.0000e+00
0.1700 0.00000000 0.0000e+00
0.1750 0.00000000 0.0000e+00
0.1800 0.00000000 0.0000e+00
0.1850 0.00000000 0.0000e+00
0.1900 0.00000000 0.0000e+00
0.1950 0.00000000 0.0000e+00
0.2000 0.00000000 0.0000e+00
0.2050 0.00000000 0.0000e+00
0.2100 0.00000000 0.0000e+00
0.2150 0.00000000 0.0000e+00
0.2200 0.00000000 0.0000e+00
0.2250 0.00000000 0.0000e+00
0.2300 0.00000000 0.0000e+00
0.2350 0.00000000 0.0000e+00
0.2400 0.00000000 0.0000e+00
0.2450 0.00000000 0.0000e+00
0.2500 0.00000000 0.0000e+00
0.2550 0.00000000 0.0000e+00
0.2600 0.00000000 0.0000e+00
0.2650 0.00000000 0.0000e+00
0.2700 0.00000000 0.0000e+00
0.2750 0.00000000 0.0000e+00
0.2800 0.00000000 0.0000e+00
0.2850 0.00000000 0.0000e+00
0.2900 0.00000000 0.0000e+00
0.2950 0.00000000 0.0000e+00
0.3000 0.00000000 0.0000e+00
0.3050 0.00000000 0.0000e+00
0.3100 0.00000000 0.0000e+00
0.3150 0.00000000 0.0000e+00
0.3200 0.00000000 0.0000e+00
0.3250 0.00000000 0.0000e+00
0.3300 0.00000000 0.0000e+00
0.3350 0.00000000 0.0000e+00
0.3400 0.00000000 0.0000e+00
0.3450 0.00000000 0.0000e+00
0.3500 0.00000000 0.0000e+00
0.3550 0.00000000 0.0000e+00
0.3600 0.00000000 0.0000e+00
0.3650 0.00000000 0.0000e+00
0.3700 0.00000000 0.0000e+00
0.3750 0.00000000 0.0000e+00
0.3800 0.00000000 0.0000e+00
0.3850 0.00000000 0.0000e+00
0.3900 0.00000000 0.0000e+00
0.3950 0.00000000 0.0000e+00
0.4000 0.00000000 0.0000e+00
0.4050 0.00000000 0.0000e+00
0.4100 0.00000000 0.0000e+00
0.4150 0.00000000 0.0000e+00
0.4200 0.00000000 0.0000e+00
0.4250 0.00000000 0.0000e+00
0.4300 0.00000000 0.0000e+00
0.4350 0.00000000 0.0000e+00
0.4400 0.00000000 0.0000e+00
0.4450 0.00000000 0.0000e+00
0.4500 0.00000000 0.0000e+00
0.4550 0.00000000 0.0000e+00
0.4600 0.00000000 0.0000e+00
0.4650 0.00000000 0.0000e+00
0.4700 0.00000000 0.0000e+00
0.4750 0.00000000 0.0000e+00
0.4800 0.00000000 0.0000e+00
0.4850 0.00000000 0.0000e+00
0.4900 0.00000000 0.0000e+00
0.4950 0.00000000 0.0000e+00
0.5000 0.00000000 0.0000e+00
0.5050 0.00000000 0.0000e+00
0.5100 0.00000000 0.0000e+00
0.5150 0.00000000 0.0000e+00
0.5200 0.00000000 0.0000e+00
0.5250 0.00000000 0.0000e+00
0.5300 0.00000000 0.0000e+00
0.5350 0.00000000 0.0000e+00
0.5400 0.00000000 0.0000e+00
0.5450 0.00000000 0.0000e+00
0.5500 0.00000000 0.0000e+00
0.5550 0.00000000 0.0000e+00
0.5600 0.00000000 0.0000e+00
0.5650 0.00000000 0.0000e+00
0.5700 0.00000000 0.0000e+00
0.5750 0.00000000 0.0000e+00
0.5800 0.00000000 0.0000e+00
0.5850 0.00000000 0.0000e+00
0.5900 0.00000000 0.0000e+00
0.5950 0.00000000 0.0000e+00
0.6000 0.00000000 0.0000e+00
0.6050 0.00000000 0.0000e+00
0.6100 0.00000000 0.0000e+00
0.6150 0.00000000 0.0000e+00
0.6200 0.00000000 0.0000e+00
0.6250 0.00000000 0.0000e+00
0.6300 0.00000000 0.0000e+00
0.6350 0.00000000 0.0000e+00
0.6400 0.00000000 0.0000e+00
0.6450 0.00000000 0.0000e+00
0.6500 0.00000000 0.0000e+00
0.6550 0.00000000 0.0000e+00
0.6600 0.00000000 0.0000e+00
0.6650 0.00000000 0.0000e+00
0.6700 0.00000000 0.0000e+00
0.6750 0.00000000 0.0000e+00
0.6800 0.00000000 0.0000e+00
0.6850 0.00000000 0.0000e+00
0.6900 0.00000000 0.0000e+00
0.6950 0.00000000 0.0000e+00
0.7000 0.00000000 0.0000e+00
0.7050 0.00000000 0.0000e+00
0.7100 0.00000000 0.0000e+00
0.7150 0.00000000 0.0000e+00
0.7200 0.00000000 0.0000e+00
0.7250 0.00000000 0.0000e+00
0.7300 0.00000000 0.0000e+00
0.7350 0.00000000 0.0000e+00
0.7400 0.00000000 0.0000e+00
0.7450 0.00000000 0.0000e+00
0.7500 0.00000000 0.0000e+00
0.7550 0.00000000 0.0000e+00
0.7600 0.00000000 0.0000e+00
0.7650 0.00000000 0.0000e+00
0.7700 0.00000000 0.0000e+00
0.7750 0.00000000 0.0000e+00
0.7800 0.00000000 0.0000e+00
0.7850 0.00000000 0.0000e+00
0.7900 0.00000000 0.0000e+00
0.7950 0.00000000 0.0000e+00
0.8000 0.00000000 0.0000e+00
0.8050 0.00000000 0.0000e+00
0.8100 0.00000000 0.0000e+00
0.8150 0.00000000 0.0000e+00
0.8200 0.00000000 0.0000e+00
0.8250 0.00000000 0.0000e+00
0.8300 0.00000000 0.0000e+00
0.8350 0.00000000 0.0000e+00
0.8400 0.00000000 0.0000e+00
0.8450 0.00000000 0.0000e+00
0.8500 0.00000000 0.0000e+00
0.8550 0.00000000 0.0000e+00
0.8600 0.00000000 0.0000e+00
0.8650 0.00000000 0.0000e+00
0.8700 0.00000000 0.0000e+00
0.8750 0.00000000 0.0000e+00
0.8800 0.00000000 0.0000e+00
0.8850 0.00000000 0.0000e+00
0.8900 0.00000000 0.0000e+00
0.8950 0.00000000 0.0000e+00
0.9000 0.00000000 0.0000e+00
0.9050 0.00000000 0.0000e+00
0.9100 0.00000000 0.0000e+00
0.9150 0.00000000 0.0000e+00
0.9200 0.00000000 0.0000e+00
0.9250 0.00000000 0.0000e+00
0.9300 0.00000000 0.0000e+00
0.9350 0.00000000 0.0000e+00
0.9400 0.00000000 0.0000e+00
0.9450 0.00000000 0.0000e+00
0.9500 0.00000000 0.0000e+00
0.9550 0.00000000 0.0000e+00
0.9600 0.00000000 0.0000e+00
0.9650 0.00000000 0.0000e+00
0.9700 0.00000000 0.0000e+00
0.9750 0.00000000 0.0000e+00
0.9800 0.00000000 0.0000e+00
0.9850 0.00000000 0.0000e+00
0.9900 0.00000000 0.0000e+00
0.9950 0.00000000 0.0000e+00
1.0000 0.00000000 0.0000e+00
1.0050 0.00000000 0.0000e+00
1.0100 0.00000000 0.0000e+00
1.0150 0.00000000 0.0000e+00
1.0200 0.00000000 0.0000e+00
1.0250 0.00000000 0.0000e+00
1.0300 0.00000000 0.0000e+00
1.0350 0.00000000 0.0000e+00
1.0400 0.00000000 0.0000e+00
1.0450 0.00000000 0.0000e+00
1.0500 0.00000000 0.0000e+00
1.0550 0.00000000 0.0000e+00
1.0600 0.00000000 0.0000e+00
1.0650 0.00000000 0.0000e+00
1.0700 0.00000000 0.0000e+00
1.0750 0.00000000 0.0000e+00
1.0800 0.00000000 0.0000e+00
1.0850 0.00000000 0.0000e+00
1.0900 0.00000000 0.0000e+00
1.0950 0.00000000 0.0000e+00
1.1000 0.00000000 0.0000e+00
1.1050 0.00000000 0.0000e+00
1.1100 0.00000000 0.0000e+00
1.1150 0.00000000 0.0000e+00
1.1200 0.00000000 0.0000e+00
1.1250 0.00000000 0.0000e+00
1.1300 0.00000000 0.0000e+00
1.1350 0.00000000 0.0000e+00
1.1400 0.00000000 0.0000e+00
1.1450 0.00000000 0.0000e+00
1.1500 0.00000000 0.0000e+00
1.1550 0.00000000 0.0000e+00
1.1600 0.00000000 0.0000e+00
1.1650 0.00000000 0.0000e+00
1.1700 0.00000000 0.0000e+00
1.1750 0.00000000 0.0000e+00
1.1800 0.00000000 0.0000e+00
1.1850 0.00000000 0.0000e+00
1.1900 0.00000000 0.0000e+00
1.1950 0.00000000 0.0000e+00
1.2000 0.00000000 0.0000e+00
1.2050 0.00000000 0.0000e+00
1.2100 0.00000000 0.0000e+00
1.2150 0.00000000 0.0000e+00
1.2200 0.00000000 0.0000e+00
1.2250 0.00000000 0.0000e+00
1.2300 0.00000000 0.0000e+00
1.2350 0.00000000 0.0000e+00
1.2400 0.00000000 0.0000e+00
1.2450 0.00000000 0.0000e+00
1.2500 0.00000000 0.0000e+00
1.2550 0.00000000 0.0000e+00
1.2600 0.00000000 0.0000e+00
1.2650 0.00000000 0.0000e+00
1.2700 0.00000000 0.0000e+00
1.2750 0.00000000 0.0000e+00
1.2800 0.00000000 0.0000e+00
1.2850 0.00000000 0.0000e+00
1.2900 0.00000000 0.0000e+00
1.2950 0.00000000 0.0000e+00
1.3000 0.00000000 0.0000e+00
1.3050 0.00000000 0.0000e+00
1.3100 0.00000000 0.0000e+00
1.3150 0.00000000 0.0000e+00
1.3200 0.00000000 0.0000e+00
1.3250 0.00000000 0.0000e+00
1.3300 0.00000000 0.0000e+00
1.3350 0.00000000 0.0000e+00
1.3400 0.00000000 0.0000e+00
1.3450 0.00000000 0.0000e+00
1.3500 0.00000000 0.0000e+00
1.3550 0.00000000 0.0000e+00
1.3600 0.00000000 0.0000e+00
1.3650 0.00000000 0.0000e+00
1.3700 0.00000000 0.0000e+00
1.3750 0.00000000 0.0000e+00
1.3800 0.00000000 0.0000e+00
1.3850 0.00000000 0.0000e+00
1.3900 0.00000000 0.0000e+00
1.3950 0.00000000 0.0000e+00
1.4000 0.00000000 0.0000e+00
1.4050 0.00000000 0.0000e+00
1.4100 0.00000000 0.0000e+00
1.4150 0.00000000 0.0000e+00
1.4200 0.00000000 0.0000e+00
1.4250 0.00000000 0.0000e+00
1.4300 0.00000000 0.0000e+00
1.4350 0.00000000 0.0000e+00
1.4400 0.00000000 0.0000e+00
1.4450 0.00000000 0.0000e+00
1.4500 0.00000000 0.0000e+00
1.4550 0.00000000 0.0000e+00
1.4600 0.00000000 0.0000e+00
1.4650 0.00000000 0.0000e+00
1.4700 0.00000000 0.0000e+00
1.4750 0.00000000 0.0000e+00
1.4800 0.00000000 0.0000e+00
1.4850 0.00000000 0.0000e+00
1.4900 0.00000000 0.0000e+00
1.4950 0.00000000 0.0000e+00
1.5000 0.00000000 0.0000e+00
1.5050 0.00000000 0.0000e+00
1.5100 0.00000000 0.0000e+00
1.5150 0.00000000 0.0000e+00
1.5200 0.00000000 0.0000e+00
1.5250 0.00000000 0.0000e+00
1.5300 0.00000000 0.0000e+00
1.5350 0.00000000 0.0000e+00
1.5400 0.00000000 0.0000e+00
1.5450 0.00000000 0.0000e+00
1.5500 0.00000000 0.0000e+00
1.5550 0.00000000 0.0000e+00
1.5600 0.00000000 0.0000e+00
1.5650 0.00000000 0.0000e+00
1.5700 0.00000000 0.0000e+00
1.5750 0.00000000 0.0000e+00
1.5800 0.00000000 0.0000e+00
1.5850 0.00000000 0.0000e+00
1.5900 0.00000000 0.0000e+00
1.5950 0.00000000 0.0000e+00
1.6000 0.00000000 0.0000e+00
1.6050 0.00000000 0.0000e+00
1.6100 0.00000000 0.0000e+00
1.6150 0.00000000 0.0000e+00
1.6200 0.00000000 0.0000e+00
1.6250 0.00000000 0.0000e+00
1.6300 0.00000000 0.0000e+00
1.6350 0.00000000 0.0000e+00
1.6400 0.00000000 0.0000e+00
1.6450 0.00000000 0.0000e+00
1.6500 0.00000000 0.0000e+00
1.6550 0.00000000 0.0000e+00
1.6600 0.00000000 0.0000e+00
1.6650 0.00000000 0.0000e+00
1.6700 0.00000000 0.0000e+00
1.6750 0.00000000 0.0000e+00
1.6800 0.00000000 0.0000e+00
1.6850 0.00000000 0.0000e+00
1.6900 0.00000000 0.0000e+00
1.6950 0.00000000 0.0000e+00
1.7000 0.00000000 0.0000e+00
1.7050 0.00000000 0.0000e+00
1.7100 0.00000000 0.0000e+00
1.7150 0.00000000 0.0000e+00
1.7200 0.00000000 0.0000e+00
1.7250 0.00000000 0.0000e+00
1.7300 0.00000000 0.0000e+00
1.7350 0.00000000 0.0000e+00
1.7400 0.00000000 0.0000e+00
1.7450 0.00000000 0.0000e+00
1.7500 0.00000000 0.0000e+00
1.7550 0.00000000 0.0000e+00
1.7600 0.00000000 0.0000e+00
1.7650 0.00000000 0.0000e+00
1.7700 0.00000000 0.0000e+00
1.7750 0.00000000 0.0000e+00
1.7800 0.00000000 0.0000e+00
1.7850 0.00000000 0.0000e+00
1.7900 0.00000000 0.0000e+00
1.7950 0.00000000 0.0000e+00
1.8000 0.00000000 0.0000e+00
1.8050 0.00000000 0.0000e+00
1.8100 0.00000000 0.0000e+00
1.8150 0.00000000 0.0000e+00
1.8200 0.00000000 0.0000e+00
1.8250 0.00000000 0.0000e+00
1.8300 0.00000000 0.0000e+00
1.8350 0.00000000 0.0000e+00
1.8400 0.00000000 0.0000e+00
1.8450 0.00000000 0.0000e+00
1.8500 0.00000000 0.0000e+00
1.8550 0.00000000 0.0000e+00
1.8600 0.00000000 0.0000e+00
1.8650 0.00000000 0.0000e+00
1.8700 0.00000000 0.0000e+00
1.8750 0.00000000 0.0000e+00
1.8800 0.00000000 0.0000e+00
1.8850 0.00000000 0.0000e+00
1.8900 0.00000000 0.0000e+00
1.8950 0.00000000 0.0000e+00
1.9000 0.00000000 0.0000e+00
1.9050 0.00000000 0.0000e+00
1.9100 0.00000000 0.0000e+00
1.9150 0.00000000 0.0000e+00
1.9200 0.00000000 0.0000e+00
1.9250 0.00000000 0.0000e+00
1.9300 0.00000000 0.0000e+00
1.9350 0.00000000 0.0000e+00
1.9400 0.00000000 0.0000e+00
1.9450 0.00000000 0.0000e+00
1.9500 0.00000000 0.0000e+00
1.9550 0.00000000 0.0000e+00
1.9600 0.00000000 0.0000e+00
1.9650 0.00000000 0.0000e+00
1.9700 0.00000000 0.0000e+00
1.9750 0.00000000 0.0000e+00
1.9800 0.00000000 0.0000e+00
1.9850 0.00000000 0.0000e+00
1.9900 0.00000000 0.0000e+00
1.9950 0.00000000 0.0000e+00
2.0000 0.00000000 0.0000e+00
2.0050 0.00000000 0.0000e+00
2.0100 0.00000000 0.0000e+00
2.0150 0.00000000 0.0000e+00
2.0200 0.00000000 0.0000e+00
2.0250 0.00000000 0.0000e+00
2.0300 0.00000000 0.0000e+00
2.0350 0.00000000 0.0000e+00
2.0400 0.00000000 0.0000e+00
2.0450 0.00000000 0.0000e+00
2.0500 0.00000000 0.0000e+00
2.0550 0.00000000 0.0000e+00
2.0600 0.00000000 0.0000e+00
2.0650 0.00000000 0.0000e+00
2.0700 0.00000000 0.0000e+00
2.0750 0.00000000 0.0000e+00
2.0800 0.00000000 0.0000e+00
2.0850 0.00000000 0.0000e+00
2.0900 0.00000000 0.0000e+00
2.0950 0.00000000 0.0000e+00
2.1000 0.00000000 0.0000e+00
2.1050 0.00000000 0.0000e+00
2.1100 0.00000000 0.0000e+00
2.1150 0.00000000 0.0000e+00
2.1200 0.00000000 0.0000e+00
2.1250 0.00000000 0.0000e+00
2.1300 0.00000000 0.0000e+00
2.1350 0.00000000 0.0000e+00
2.1400 0.00000000 0.0000e+00
2.1450 0.00000000 0.0000e+00
2.1500 0.00000000 0.0000e+00
2.1550 0.00000000 0.0000e+00
2.1600 0.00000000 0.0000e+00
2.1650 0.00000000 0.0000e+00
2.1700 0.00000000 0.0000e+00
2.1750 0.00000000 0.0000e+00
2.1800 0.00000000 0.0000e+00
2.1850 0.00000000 0.0000e+00
2.1900 0.00000000 0.0000e+00
2.1950 0.00000000 0.0000e+00
2.2000 0.00159120 1.3831e+10
2.2050 0.00159265 1.3843e+10
2.2100 0.00159411 1.3856e+10
2.2150 0.00159556 1.3869e+10
2.2200 0.00159702 1.3881e+10
2.2250 0.00159847 1.3894e+10
2.2300 0.00159993 1.3907e+10
2.2350 0.00160138 1.3919e+10
2.2400 0.00160284 1.3932e+10
2.2450 0.00160429 1.3944e+10
2.2500 0.00160575 1.3957e+10
2.2550 0.00160720 1.3970e+10
2.2600 0.00160866 1.3982e+10
2.2650 0.00161011 1.3995e+10
2.2700 0.00161157 1.4008e+10
2.2750 0.00161302 1.4020e+10
2.2800 0.00161448 1.4033e+10
2.2850 0.00161593 1.4046e+10
2.2900 0.00161739 1.4058e+10
2.2950 0.00161884 1.4071e+10
2.3000 0.00162030 1.4084e+10
2.3050 0.00162175 1.4096e+10
2.3100 0.00162321 1.4109e+10
2.3150 0.00162466 1.4122e+10
2.3200 0.00162612 1.4134e+10
2.3250 0.00162757 1.4147e+10
2.3300 0.00162903 1.4160e+10
2.3350 0.00163048 1.4172e+10
2.3400 0.00163194 1.4185e+10
2.3450 0.00163340 1.4197e+10
2.3500 0.00163485 1.4210e+10
2.3550 0.00163631 1.4223e+10
2.3600 0.00163776 1.4235e+10
2.3650 0.00163922 1.4248e+10
2.3700 0.00164067 1.4261e+10
2.3750 0.00164213 1.4273e+10
2.3800 0.00164358 1.4286e+10
2.3850 0.00164504 1.4299e+10
2.3900 0.00164649 1.4311e+10
2.3950 0.00164795 1.4324e+10
2.4000 0.00164940 1.4337e+10
2.4050 0.00165086 1.4349e+10
2.4100 0.00165231 1.4362e+10
2.4150 0.00165377 1.4375e+10
2.4200 0.00165522 1.4387e+10
2.4250 0.00165668 1.4400e+10
2.4300 0.00165813 1.4412e+10
2.4350 0.00165959 1.4425e+10
2.4400 0.00166104 1.4438e+10
2.4450 0.00166250 1.4450e+10
2.4500 0.00166395 1.4463e+10
2.4550 0.00166541 1.4476e+10
2.4600 0.00166686 1.4488e+10
2.4650 0.00166832 1.4501e+10
2.4700 0.00166977 1.4514e+10
2.4750 0.00167123 1.4526e+10
2.4800 0.00167268 1.4539e+10
2.4850 0.00167414 1.4552e+10
2.4900 0.00167559 1.4564e+10
2.4950 0.00167705 1.4577e+10
2.5000 0.00167850 1.4590e+10
2.5050 0.00171050 1.4868e+10
2.5100 0.00174312 1.5151e+10
2.5150 0.00177574 1.5435e+10
2.5200 0.00180835 1.5718e+10
2.5250 0.00184097 1.6002e+10
2.5300 0.00187359 1.6285e+10
2.5350 0.00190621 1.6569e+10
2.5400 0.00193882 1.6852e+10
2.5450 0.00197144 1.7136e+10
2.5500 0.00200406 1.7419e+10
2.5550 0.00203667 1.7703e+10
2.5600 0.00206929 1.7986e+10
2.5650 0.00210191 1.8270e+10
2.5700 0.00213453 1.8553e+10
2.5750 0.00216714 1.8837e+10
2.5800 0.00219976 1.9120e+10
2.5850 0.00223238 1.9404e+10
2.5900 0.00226500 1.9687e+10
2.5950 0.00229761 1.9971e+10
2.6000 0.00233023 2.0254e+10
2.6050 0.00236285 2.0538e+10
2.6100 0.00239547 2.0821e+10
2.6150 0.00242808 2.1105e+10
2.6200 0.00246070 2.1388e+10
2.6250 0.00249332 2.1672e+10
2.6300 0.00252593 2.1955e+10
2.6350 0.00255855 2.2239e+10
2.6400 0.00259117 2.2522e+10
2.6450 0.00262379 2.2806e+10
2.6500 0.00265640 2.3089e+10
2.6550 0.00268902 2.3373e+10
2.6600 0.00272164 2.3656e+10
2.6650 0.00275426 2.3940e+10
2.6700 0.00278687 2.4223e+10
2.6750 0.00281949 2.4507e+10
2.6800 0.00288621 2.5087e+10
2.6850 0.00296359 2.5760e+10
2.6900 0.00304097 2.6432e+10
2.6950 0.00311835 2.7105e+10
2.7000 0.00319573 2.7777e+10
2.7050 0.00327311 2.8450e+10
2.7100 0.00335049 2.9122e+10
2.7150 0.00342787 2.9795e+10
2.7200 0.00350525 3.0468e+10
2.7250 0.00358263 3.1140e+10
2.7300 0.00366001 3.1813e+10
2.7350 0.00373739 3.2485e+10
2.7400 0.00381477 3.3158e+10
2.7450 0.00389216 3.3831e+10
2.7500 0.00396954 3.4503e+10
2.7550 0.00404692 3.5176e+10
2.7600 0.00412430 3.5848e+10
2.7650 0.00420168 3.6521e+10
2.7700 0.00427906 3.7193e+10
2.7750 0.00435644 3.7866e+10
2.7800 0.00443382 3.8539e+10
2.7850 0.00451120 3.9211e+10
2.7900 0.00458858 3.9884e+10
2.7950 0.00466596 4.0556e+10
2.8000 0.00474334 4.1229e+10
2.8050 0.00486018 4.2245e+10
2.8100 0.00498853 4.3360e+10
2.8150 0.00511688 4.4476e+10
2.8200 0.00524523 4.5591e+10
2.8250 0.00537358 4.6707e+10
2.8300 0.00550193 4.7823e+10
2.8350 0.00563028 4.8938e+10
2.8400 0.00575863 5.0054e+10
2.8450 0.00588698 5.1169e+10
2.8500 0.00601533 5.2285e+10
2.8550 0.00614368 5.3401e+10
2.8600 0.00627203 5.4516e+10
2.8650 0.00640038 5.5632e+10
2.8700 0.00652873 5.6748e+10
2.8750 0.00665708 5.7863e+10
2.8800 0.00678543 5.8979e+10
2.8850 0.00691378 6.0094e+10
2.8900 0.00704213 6.1210e+10
2.8950 0.00717048 6.2326e+10
2.9000 0.00731991 6.3625e+10
2.9050 0.00750204 6.5208e+10
2.9100 0.00768416 6.6791e+10
2.9150 0.00786628 6.8374e+10
2.9200 0.00804841 6.9957e+10
2.9250 0.00823053 7.1540e+10
2.9300 0.00841266 7.3123e+10
2.9350 0.00859478 7.4706e+10
2.9400 0.00877690 7.6289e+10
2.9450 0.00895903 7.7872e+10
2.9500 0.00914115 7.9455e+10
2.9550 0.00932327 8.1038e+10
2.9600 0.00950540 8.2621e+10
2.9650 0.00968752 8.4204e+10
2.9700 0.00986965 8.5787e+10
2.9750 0.01005177 8.7370e+10
2.9800 0.01026854 8.9254e+10
2.9850 0.01051298 9.1379e+10
2.9900 0.01075743 9.3503e+10
2.9950 0.01100187 9.5628e+10
3.0000 0.01124632 9.7753e+10
3.0050 0.01149076 9.9878e+10
3.0100 0.01173521 1.0200e+11
3.0150 0.01197965 1.0413e+11
3.0200 0.01222410 1.0625e+11
3.0250 0.01246854 1.0838e+11
3.0300 0.01271298 1.1050e+11
3.0350 0.01295743 1.1263e+11
3.0400 0.01320187 1.1475e+11
3.0450 0.01345799 1.1698e+11
3.0500 0.01377253 1.1971e+11
3.0550 0.01408707 1.2244e+11
3.0600 0.01440161 1.2518e+11
3.0650 0.01471615 1.2791e+11
3.0700 0.01503069 1.3065e+11
3.0750 0.01534522 1.3338e+11
3.0800 0.01565976 1.3611e+11
3.0850 0.01597430 1.3885e+11
3.0900 0.01628884 1.4158e+11
3.0950 0.01660338 1.4432e+11
3.1000 0.01691792 1.4705e+11
3.1050 0.01726607 1.5008e+11
3.1100 0.01763978 1.5332e+11
3.1150 0.01801349 1.5657e+11
3.1200 0.01838719 1.5982e+11
3.1250 0.01876090 1.6307e+11
3.1300 0.01913460 1.6632e+11
3.1350 0.01950831 1.6957e+11
3.1400 0.01988202 1.7281e+11
3.1450 0.02025572 1.7606e+11
3.1500 0.02062943 1.7931e+11
3.1550 0.02103404 1.8283e+11
3.1600 0.02149929 1.8687e+11
3.1650 0.02196453 1.9092e+11
3.1700 0.02242977 1.9496e+11
3.1750 0.02289502 1.9900e+11
3.1800 0.02336026 2.0305e+11
3.1850 0.02382551 2.0709e+11
3.1900 0.02429075 2.1113e+11
3.1950 0.02475599 2.1518e+11
3.2000 0.02523439 2.1934e+11
3.2050 0.02577028 2.2399e+11
3.2100 0.02630616 2.2865e+11
3.2150 0.02684205 2.3331e+11
3.2200 0.02737794 2.3797e+11
3.2250 0.02791383 2.4263e+11
3.2300 0.02844972 2.4728e+11
3.2350 0.02898561 2.5194e+11
3.2400 0.02952149 2.5660e+11
3.2450 0.03010590 2.6168e+11
3.2500 0.03069524 2.6680e+11
3.2550 0.03128458 2.7193e+11
3.2600 0.03187393 2.7705e+11
3.2650 0.03246327 2.8217e+11
3.2700 0.03305261 2.8729e+11
3.2750 0.03364196 2.9242e+11
3.2800 0.03428210 2.9798e+11
3.2850 0.03501662 3.0436e+11
3.2900 0.03575113 3.1075e+11
3.2950 0.03648565 3.1713e+11
3.3000 0.03722017 3.2352e+11
3.3050 0.03795469 3.2990e+11
3.3100 0.03868921 3.3629e+11
3.3150 0.03944837 3.4288e+11
3.3200 0.04024490 3.4981e+11
3.3250 0.04104143 3.5673e+11
3.3300 0.04183796 3.6365e+11
3.3350 0.04263449 3.7058e+11
3.3400 0.04343102 3.7750e+11
3.3450 0.04422755 3.8443e+11
3.3500 0.04514341 3.9239e+11
3.3550 0.04606417 4.0039e+11
3.3600 0.04698493 4.0839e+11
3.3650 0.04790569 4.1640e+11
3.3700 0.04882646 4.2440e+11
3.3750 0.04974722 4.3240e+11
3.3800 0.05077839 4.4136e+11
3.3850 0.05181323 4.5036e+11
3.3900 0.05284807 4.5935e+11
3.3950 0.05388291 4.6835e+11
3.4000 0.05491775 4.7734e+11
3.4050 0.05594289 4.8625e+11
3.4100 0.05695094 4.9502e+11
3.4150 0.05795899 5.0378e+11
3.4200 0.05896704 5.1254e+11
3.4250 0.05997509 5.2130e+11
3.4300 0.06100157 5.3022e+11
3.4350 0.06220079 5.4065e+11
3.4400 0.06340002 5.5107e+11
3.4450 0.06459924 5.6150e+11
3.4500 0.06579847 5.7192e+11
3.4550 0.06699034 5.8228e+11
3.4600 0.06813369 5.9222e+11
3.4650 0.06927704 6.0215e+11
3.4700 0.07042039 6.1209e+11
3.4750 0.07156374 6.2203e+11
3.4800 0.07287109 6.3339e+11
3.4850 0.07439109 6.4661e+11
3.4900 0.07591108 6.5982e+11
3.4950 0.07743107 6.7303e+11
3.5000 0.07895107 6.8624e+11
3.5050 0.08035878 6.9848e+11
3.5100 0.08176422 7.1069e+11
3.5150 0.08316966 7.2291e+11
3.5200 0.08457510 7.3513e+11
3.5250 0.08602556 7.4773e+11
3.5300 0.08749165 7.6048e+11
3.5350 0.08895773 7.7322e+11
3.5400 0.09042382 7.8596e+11
3.5450 0.09199310 7.9960e+11
3.5500 0.09360626 8.1362e+11
3.5550 0.09521942 8.2765e+11
3.5600 0.09683258 8.4167e+11
3.5650 0.09852584 8.5639e+11
3.5700 0.10023430 8.7123e+11
3.5750 0.10194276 8.8608e+11
3.5800 0.10369289 9.0130e+11
3.5850 0.10569092 9.1866e+11
3.5900 0.10768894 9.3603e+11
3.5950 0.10968697 9.5340e+11
3.6000 0.11150732 9.6922e+11
3.6050 0.11320831 9.8400e+11
3.6100 0.11490930 9.9879e+11
3.6150 0.11667070 1.0141e+12
3.6200 0.11868719 1.0316e+12
3.6250 0.12070368 1.0492e+12
3.6300 0.12272017 1.0667e+12
3.6350 0.12469778 1.0839e+12
3.6400 0.12667171 1.1010e+12
3.6450 0.12864563 1.1182e+12
3.6500 0.13050052 1.1343e+12
3.6550 0.13231668 1.1501e+12
3.6600 0.13413284 1.1659e+12
3.6650 0.13615962 1.1835e+12
3.6700 0.13827387 1.2019e+12
3.6750 0.14038813 1.2203e+12
3.6800 0.14310656 1.2439e+12
3.6850 0.14601378 1.2691e+12
3.6900 0.14892101 1.2944e+12
3.6950 0.15118477 1.3141e+12
3.7000 0.15338785 1.3332e+12
3.7050 0.15559893 1.3525e+12
3.7100 0.15785321 1.3721e+12
3.7150 0.16010750 1.3917e+12
3.7200 0.16255438 1.4129e+12
3.7250 0.16520710 1.4360e+12
3.7300 0.16785982 1.4590e+12
3.7350 0.17038977 1.4810e+12
3.7400 0.17290461 1.5029e+12
3.7450 0.17550444 1.5255e+12
3.7500 0.17824742 1.5493e+12
3.7550 0.18099040 1.5732e+12
3.7600 0.18405321 1.5998e+12
3.7650 0.18714171 1.6266e+12
3.7700 0.18985439 1.6502e+12
3.7750 0.19225435 1.6711e+12
3.7800 0.19482998 1.6935e+12
3.7850 0.19799560 1.7210e+12
3.7900 0.20116121 1.7485e+12
3.7950 0.20347977 1.7686e+12
3.8000 0.20577503 1.7886e+12
3.8050 0.20857373 1.8129e+12
3.8100 0.21151928 1.8385e+12
3.8150 0.21442442 1.8638e+12
3.8200 0.21730576 1.8888e+12
3.8250 0.22043883 1.9161e+12
3.8300 0.22378956 1.9452e+12
3.8350 0.22728520 1.9756e+12
3.8400 0.23093018 2.0072e+12
3.8450 0.23387293 2.0328e+12
3.8500 0.23610104 2.0522e+12
3.8550 0.23843569 2.0725e+12
3.8600 0.24085976 2.0935e+12
3.8650 0.24463808 2.1264e+12
3.8700 0.24919620 2.1660e+12
3.8750 0.25220939 2.1922e+12
3.8800 0.25475219 2.2143e+12
3.8850 0.25990070 2.2591e+12
3.8900 0.26463239 2.3002e+12
3.8950 0.26594297 2.3116e+12
3.9000 0.26856346 2.3343e+12
3.9050 0.27321426 2.3748e+12
3.9100 0.27796778 2.4161e+12
3.9150 0.28277141 2.4578e+12
3.9200 0.28576736 2.4839e+12
3.9250 0.28912802 2.5131e+12
3.9300 0.29327963 2.5492e+12
3.9350 0.29719749 2.5832e+12
3.9400 0.30078253 2.6144e+12
3.9450 0.30252539 2.6295e+12
3.9500 0.30570078 2.6571e+12
3.9550 0.31003393 2.6948e+12
3.9600 0.31249815 2.7162e+12
3.9650 0.31524958 2.7401e+12
3.9700 0.31833501 2.7670e+12
3.9750 0.32438229 2.8195e+12
3.9800 0.32823569 2.8530e+12
3.9850 0.33080829 2.8754e+12
3.9900 0.33683422 2.9278e+12
3.9950 0.34074163 2.9617e+12
4.0000 0.34444783 2.9939e+12
4.0050 0.34959766 3.0387e+12
4.0100 0.35657336 3.0993e+12
4.0150 0.36103133 3.1381e+12
4.0200 0.36481700 3.1710e+12
4.0250 0.37132476 3.2275e+12
4.0300 0.37376857 3.2488e+12
4.0350 0.37727399 3.2793e+12
4.0400 0.38064844 3.3086e+12
4.0450 0.38384176 3.3363e+12
4.0500 0.39087196 3.3975e+12
4.0550 0.39587863 3.4410e+12
4.0600 0.39965197 3.4738e+12
4.0650 0.40317630 3.5044e+12
4.0700 0.40716108 3.5390e+12
4.0750 0.41223069 3.5831e+12
4.0800 0.41970839 3.6481e+12
4.0850 0.42772253 3.7178e+12
4.0900 0.42998005 3.7374e+12
4.0950 0.43125011 3.7484e+12
4.1000 0.43582102 3.7881e+12
4.1050 0.44168924 3.8392e+12
4.1100 0.44971867 3.9089e+12
4.1150 0.45418676 3.9478e+12
4.1200 0.45433366 3.9491e+12
4.1250 0.46136689 4.0102e+12
4.1300 0.46716566 4.0606e+12
4.1350 0.47158172 4.0990e+12
4.1400 0.47871393 4.1610e+12
4.1450 0.48313768 4.1994e+12
4.1500 0.48367290 4.2041e+12
4.1550 0.48736707 4.2362e+12
4.1600 0.49697153 4.3197e+12
4.1650 0.50211289 4.3644e+12
4.1700 0.50658733 4.4032e+12
4.1750 0.51177764 4.4484e+12
4.1800 0.51174595 4.4481e+12
4.1850 0.51911030 4.5121e+12
4.1900 0.51961893 4.5165e+12
4.1950 0.52829237 4.5919e+12
4.2000 0.52649016 4.5762e+12
4.2050 0.53518871 4.6519e+12
4.2100 0.54548293 4.7413e+12
4.2150 0.54964249 4.7775e+12
4.2200 0.55710743 4.8424e+12
4.2250 0.55311712 4.8077e+12
4.2300 0.56540507 4.9145e+12
4.2350 0.55658483 4.8378e+12
4.2400 0.57048431 4.9586e+12
4.2450 0.57677890 5.0134e+12
4.2500 0.58528699 5.0873e+12
4.2550 0.58003162 5.0416e+12
4.2600 0.58863670 5.1164e+12
4.2650 0.60080476 5.2222e+12
4.2700 0.60038564 5.2185e+12
4.2750 0.60695919 5.2757e+12
4.2800 0.60665671 5.2731e+12
4.2850 0.61223359 5.3215e+12
4.2900 0.61085897 5.3096e+12
4.2950 0.61525452 5.3478e+12
4.3000 0.62982874 5.4745e+12
4.3050 0.63272226 5.4996e+12
4.3100 0.63928537 5.5567e+12
4.3150 0.63978109 5.5610e+12
4.3200 0.64047955 5.5670e+12
4.3250 0.64767846 5.6296e+12
4.3300 0.65345188 5.6798e+12
4.3350 0.65973928 5.7344e+12
4.3400 0.65417550 5.6861e+12
4.3450 0.66128345 5.7479e+12
4.3500 0.67295307 5.8493e+12
4.3550 0.66872487 5.8125e+12
4.3600 0.67826125 5.8954e+12
4.3650 0.68278587 5.9348e+12
4.3700 0.69953785 6.0804e+12
4.3750 0.70412276 6.1202e+12
4.3800 0.70598738 6.1364e+12
4.3850 0.71004325 6.1717e+12
4.3900 0.71116968 6.1815e+12
4.3950 0.70886321 6.1614e+12
4.4000 0.72624771 6.3125e+12
4.4050 0.73062847 6.3506e+12
4.4100 0.74604266 6.4846e+12
4.4150 0.73950890 6.4278e+12
4.4200 0.76388714 6.6397e+12
4.4250 0.75373844 6.5515e+12
4.4300 0.74716554 6.4944e+12
4.4350 0.77596688 6.7447e+12
4.4400 0.77332449 6.7217e+12
4.4450 0.78486355 6.8220e+12
4.4500 0.78163856 6.7940e+12
4.4550 0.79374307 6.8992e+12
4.4600 0.79946717 6.9490e+12
4.4650 0.80486911 6.9959e+12
4.4700 0.81320322 7.0683e+12
4.4750 0.82134464 7.1391e+12
4.4800 0.81118491 7.0508e+12
4.4850 0.81671180 7.0988e+12
4.4900 0.82132197 7.1389e+12
4.4950 0.84461941 7.3414e+12
4.5000 0.84126620 7.3123e+12
4.5050 0.85077921 7.3950e+12
4.5100 0.85187400 7.4045e+12
4.5150 0.85623792 7.4424e+12
4.5200 0.85936801 7.4696e+12
4.5250 0.85351282 7.4187e+12
4.5300 0.87878310 7.6384e+12
4.5350 0.88954667 7.7319e+12
4.5400 0.87994487 7.6485e+12
4.5450 0.88969136 7.7332e+12
4.5500 0.89784583 7.8041e+12
4.5550 0.88407156 7.6843e+12
4.5600 0.88938044 7.7305e+12
4.5650 0.90741134 7.8872e+12
4.5700 0.92822097 8.0681e+12
4.5750 0.92448850 8.0356e+12
4.5800 0.94037156 8.1737e+12
4.5850 0.94536646 8.2171e+12
4.5900 0.97254463 8.4533e+12
4.5950 0.97662133 8.4888e+12
4.6000 1.02796725 8.9351e+12
4.6050 1.07788743 9.3690e+12
4.6100 1.12431400 9.7725e+12
4.6150 1.23747667 1.0756e+13
4.6200 1.32833024 1.1546e+13
4.6250 1.47628569 1.2832e+13
4.6300 1.55688866 1.3532e+13
4.6350 1.72824413 1.5022e+13
4.6400 1.89137369 1.6440e+13
4.6450 2.05487650 1.7861e+13
4.6500 2.18289386 1.8974e+13
4.6550 2.30281266 2.0016e+13
4.6600 2.35218666 2.0445e+13
4.6650 2.42323959 2.1063e+13
4.6700 2.42955373 2.1118e+13
4.6750 2.42732377 2.1098e+13
4.6800 2.36476565 2.0555e+13
4.6850 2.31993737 2.0165e+13
4.6900 2.20087065 1.9130e+13
4.6950 2.04799449 1.7801e+13
4.7000 1.95411421 1.6985e+13
4.7050 1.85455065 1.6120e+13
4.7100 1.74321548 1.5152e+13
4.7150 1.66273393 1.4452e+13
4.7200 1.56013397 1.3561e+13
4.7250 1.50711418 1.3100e+13
4.7300 1.45369683 1.2636e+13
4.7350 1.35864771 1.1809e+13
4.7400 1.33327487 1.1589e+13
4.7450 1.27857383 1.1113e+13
4.7500 1.23921101 1.0771e+13
4.7550 1.20788019 1.0499e+13
4.7600 1.17036798 1.0173e+13
4.7650 1.10673488 9.6197e+12
4.7700 1.06390760 9.2475e+12
4.7750 1.05307253 9.1533e+12
4.7800 1.02691427 8.9259e+12
4.7850 0.98305096 8.5447e+12
4.7900 0.93905352 8.1622e+12
4.7950 0.92353871 8.0274e+12
4.8000 0.88790036 7.7176e+12
4.8050 0.83810124 7.2848e+12
4.8100 0.84342166 7.3310e+12
4.8150 0.78972684 6.8643e+12
4.8200 0.79402357 6.9016e+12
4.8250 0.78187336 6.7960e+12
4.8300 0.73210479 6.3634e+12
4.8350 0.71030266 6.1739e+12
4.8400 0.73433712 6.3828e+12
4.8450 0.71611372 6.2244e+12
4.8500 0.70135681 6.0962e+12
4.8550 0.69658036 6.0547e+12
4.8600 0.65912762 5.7291e+12
4.8650 0.67423448 5.8604e+12
4.8700 0.65938296 5.7313e+12
4.8750 0.62799561 5.4585e+12
4.8800 0.65601083 5.7020e+12
4.8850 0.61648580 5.3585e+12
4.8900 0.59108856 5.1377e+12
4.8950 0.59344738 5.1582e+12
4.9000 0.58725979 5.1045e+12
4.9050 0.60408823 5.2507e+12
4.9100 0.63356253 5.5069e+12
4.9150 0.58483588 5.0834e+12
4.9200 0.59934919 5.2095e+12
4.9250 0.62938271 5.4706e+12
4.9300 0.65182452 5.6656e+12
4.9350 0.68920431 5.9906e+12
4.9400 0.72996928 6.3449e+12
4.9450 0.76682508 6.6652e+12
4.9500 0.81235211 7.0610e+12
4.9550 0.89512377 7.7804e+12
4.9600 0.85337570 7.4175e+12
4.9650 0.91650095 7.9662e+12
4.9700 0.86608472 7.5280e+12
4.9750 0.77111970 6.7026e+12
4.9800 0.75324189 6.5472e+12
4.9850 0.66503980 5.7805e+12
4.9900 0.59460005 5.1683e+12
4.9950 0.56381995 4.9007e+12
5.0000 0.48477731 4.2137e+12
5.0050 0.46796210 4.0675e+12
5.0100 0.42058581 3.6557e+12
5.0150 0.39090584 3.3977e+12
5.0200 0.32869094 2.8570e+12
5.0250 0.33804231 2.9383e+12
5.0300 0.31593182 2.7461e+12
5.0350 0.26744861 2.3247e+12
5.0400 0.25224907 2.1925e+12
5.0450 0.25110806 2.1826e+12
5.0500 0.25658522 2.2302e+12
5.0550 0.22124579 1.9231e+12
5.0600 0.23923150 2.0794e+12
5.0650 0.22806606 1.9823e+12
5.0700 0.20437825 1.7765e+12
5.0750 0.18276613 1.5886e+12
5.0800 0.16780563 1.4586e+12
5.0850 0.20221803 1.7577e+12
5.0900 0.18760843 1.6307e+12
5.0950 0.16455634 1.4303e+12
5.1000 0.14870586 1.2925e+12
5.1050 0.16046480 1.3948e+12
5.1100 0.17957900 1.5609e+12
5.1150 0.17767600 1.5444e+12
5.1200 0.17205719 1.4955e+12
5.1250 0.17184541 1.4937e+12
5.1300 0.15125797 1.3147e+12
5.1350 0.15944526 1.3859e+12
5.1400 0.14396047 1.2513e+12
5.1450 0.12759426 1.1090e+12
5.1500 0.10162487 8.8332e+11
5.1550 0.11263510 9.7902e+11
5.1600 0.10498644 9.1254e+11
5.1650 0.06556212 5.6986e+11
5.1700 0.08039951 6.9883e+11
5.1750 0.07716699 6.7073e+11
5.1800 0.07269861 6.3190e+11
5.1850 0.05191119 4.5121e+11
5.1900 0.05798535 5.0401e+11
5.1950 0.03940237 3.4248e+11
5.2000 0.05117495 4.4481e+11
5.2050 0.02734948 2.3772e+11
5.2100 0.04269412 3.7110e+11
5.2150 0.03659512 3.1808e+11
5.2200 0.04357457 3.7875e+11
5.2250 0.03277526 2.8488e+11
5.2300 0.04012589 3.4877e+11
5.2350 0.02376727 2.0658e+11
5.2400 0.01795899 1.5610e+11
5.2450 0.01935824 1.6826e+11
5.2500 0.02290075 1.9905e+11
5.2550 0.01861449 1.6180e+11
5.2600 0.01378151 1.1979e+11
5.2650 0.01169506 1.0165e+11
5.2700 0.00964928 8.3871e+10
5.2750 0.00837820 7.2823e+10
5.2800 0.01188216 1.0328e+11
5.2850 0.00942208 8.1897e+10
5.2900 0.01483604 1.2895e+11
5.2950 0.00613276 5.3306e+10
5.3000 0.00543275 4.7221e+10
5.3050 0.00524052 4.5551e+10
5.3100 0.01434446 1.2468e+11
5.3150 0.00812508 7.0623e+10
5.3200 0.00639199 5.5559e+10
5.3250 0.00547017 4.7547e+10
5.3300 0.01527805 1.3280e+11
5.3350 0.00538123 4.6774e+10
5.3400 0.00550658 4.7863e+10
5.3450 0.00563485 4.8978e+10
5.3500 0.00576612 5.0119e+10
5.3550 0.00810933 7.0486e+10
5.3600 0.00603787 5.2481e+10
5.3650 0.00617852 5.3704e+10
5.3700 0.00632239 5.4954e+10
5.3750 0.00646966 5.6234e+10
5.3800 0.00662072 5.7547e+10
5.3850 0.00677483 5.8887e+10
5.3900 0.00693257 6.0258e+10
5.3950 0.00709678 6.1685e+10
5.4000 0.00726374 6.3136e+10
5.4050 0.00743070 6.4588e+10
5.4100 0.00760125 6.6070e+10
5.4150 0.00778097 6.7632e+10
5.4200 0.00796069 6.9194e+10
5.4250 0.00814483 7.0795e+10
5.4300 0.00834076 7.2498e+10
5.4350 0.00853697 7.4203e+10
5.4400 0.00873319 7.5909e+10
5.4450 0.00893344 7.7649e+10
5.4500 0.00916002 7.9619e+10
5.4550 0.00938660 8.1588e+10
5.4600 0.00961319 8.3558e+10
5.4650 0.00983977 8.5527e+10
5.4700 0.01006635 8.7497e+10
5.4750 0.01029294 8.9466e+10
5.4800 0.01051952 9.1436e+10
5.4850 0.01074610 9.3405e+10
5.4900 0.00000000 0.0000e+00
5.4950 0.00000000 0.0000e+00
5.5000 0.00000000 0.0000e+00
5.5050 0.00000000 0.0000e+00
5.5100 0.00000000 0.0000e+00
5.5150 0.00000000 0.0000e+00
5.5200 0.00000000 0.0000e+00
5.5250 0.00000000 0.0000e+00
5.5300 0.00000000 0.0000e+00
5.5350 0.00000000 0.0000e+00
5.5400 0.00000000 0.0000e+00
5.5450 0.00000000 0.0000e+00
5.5500 0.00000000 0.0000e+00
5.5550 0.00000000 0.0000e+00
5.5600 0.00000000 0.0000e+00
5.5650 0.00000000 0.0000e+00
5.5700 0.00000000 0.0000e+00
5.5750 0.00000000 0.0000e+00
5.5800 0.00000000 0.0000e+00
5.5850 0.00000000 0.0000e+00
5.5900 0.00000000 0.0000e+00
5.5950 0.00000000 0.0000e+00
5.6000 0.00000000 0.0000e+00
5.6050 0.00000000 0.0000e+00
5.6100 0.00000000 0.0000e+00
5.6150 0.00000000 0.0000e+00
5.6200 0.00000000 0.0000e+00
5.6250 0.00000000 0.0000e+00
5.6300 0.00000000 0.0000e+00
5.6350 0.00000000 0.0000e+00
5.6400 0.00000000 0.0000e+00
5.6450 0.00000000 0.0000e+00
5.6500 0.00000000 0.0000e+00
5.6550 0.00000000 0.0000e+00
5.6600 0.00000000 0.0000e+00
5.6650 0.00000000 0.0000e+00
5.6700 0.00000000 0.0000e+00
5.6750 0.00000000 0.0000e+00
5.6800 0.00000000 0.0000e+00
5.6850 0.00000000 0.0000e+00
5.6900 0.00000000 0.0000e+00
5.6950 0.00000000 0.0000e+00
5.7000 0.00000000 0.0000e+00
5.7050 0.00000000 0.0000e+00
5.7100 0.00000000 0.0000e+00
5.7150 0.00000000 0.0000e+00
5.7200 0.00000000 0.0000e+00
5.7250 0.00000000 0.0000e+00
5.7300 0.00000000 0.0000e+00
5.7350 0.00000000 0.0000e+00
5.7400 0.00000000 0.0000e+00
5.7450 0.00000000 0.0000e+00
5.7500 0.00000000 0.0000e+00
5.7550 0.00000000 0.0000e+00
5.7600 0.00000000 0.0000e+00
5.7650 0.00000000 0.0000e+00
5.7700 0.00000000 0.0000e+00
5.7750 0.00000000 0.0000e+00
5.7800 0.00000000 0.0000e+00
5.7850 0.00000000 0.0000e+00
5.7900 0.00000000 0.0000e+00
5.7950 0.00000000 0.0000e+00
5.8000 0.00000000 0.0000e+00
5.8050 0.00000000 0.0000e+00
5.8100 0.00000000 0.0000e+00
5.8150 0.00000000 0.0000e+00
5.8200 0.00000000 0.0000e+00
5.8250 0.00000000 0.0000e+00
5.8300 0.00000000 0.0000e+00
5.8350 0.00000000 0.0000e+00
5.8400 0.00000000 0.0000e+00
5.8450 0.00000000 0.0000e+00
5.8500 0.00000000 0.0000e+00
5.8550 0.00000000 0.0000e+00
5.8600 0.00000000 0.0000e+00
5.8650 0.00000000 0.0000e+00
5.8700 0.00000000 0.0000e+00
5.8750 0.00000000 0.0000e+00
5.8800 0.00000000 0.0000e+00
5.8850 0.00000000 0.0000e+00
5.8900 0.00000000 0.0000e+00
5.8950 0.00000000 0.0000e+00
5.9000 0.00000000 0.0000e+00
5.9050 0.00000000 0.0000e+00
5.9100 0.00000000 0.0000e+00
5.9150 0.00000000 0.0000e+00
5.9200 0.00000000 0.0000e+00
5.9250 0.00000000 0.0000e+00
5.9300 0.00000000 0.0000e+00
5.9350 0.00000000 0.0000e+00
5.9400 0.00000000 0.0000e+00
5.9450 0.00000000 0.0000e+00
5.9500 0.00000000 0.0000e+00
5.9550 0.00000000 0.0000e+00
5.9600 0.00000000 0.0000e+00
5.9650 0.00000000 0.0000e+00
5.9700 0.00000000 0.0000e+00
5.9750 0.00000000 0.0000e+00
5.9800 0.00000000 0.0000e+00
5.9850 0.00000000 0.0000e+00
5.9900 0.00000000 0.0000e+00
5.9950 0.00000000 0.0000e+00
6.0000 0.00000000 0.0000e+00
6.0050 0.00000000 0.0000e+00
6.0100 0.00000000 0.0000e+00
6.0150 0.00000000 0.0000e+00
6.0200 0.00000000 0.0000e+00
6.0250 0.00000000 0.0000e+00
6.0300 0.00000000 0.0000e+00
6.0350 0.00000000 0.0000e+00
6.0400 0.00000000 0.0000e+00
6.0450 0.00000000 0.0000e+00
6.0500 0.00000000 0.0000e+00
6.0550 0.00000000 0.0000e+00
6.0600 0.00000000 0.0000e+00
6.0650 0.00000000 0.0000e+00
6.0700 0.00000000 0.0000e+00
6.0750 0.00000000 0.0000e+00
6.0800 0.00000000 0.0000e+00
6.0850 0.00000000 0.0000e+00
6.0900 0.00000000 0.0000e+00
6.0950 0.00000000 0.0000e+00
6.1000 0.00000000 0.0000e+00
6.1050 0.00000000 0.0000e+00
6.1100 0.00000000 0.0000e+00
6.1150 0.00000000 0.0000e+00
6.1200 0.00000000 0.0000e+00
6.1250 0.00000000 0.0000e+00
6.1300 0.00000000 0.0000e+00
6.1350 0.00000000 0.0000e+00
6.1400 0.00000000 0.0000e+00
6.1450 0.00000000 0.0000e+00
6.1500 0.00000000 0.0000e+00
6.1550 0.00000000 0.0000e+00
6.1600 0.00000000 0.0000e+00
6.1650 0.00000000 0.0000e+00
6.1700 0.00000000 0.0000e+00
6.1750 0.00000000 0.0000e+00
6.1800 0.00000000 0.0000e+00
6.1850 0.00000000 0.0000e+00
6.1900 0.00000000 0.0000e+00
6.1950 0.00000000 0.0000e+00
6.2000 0.00000000 0.0000e+00
6.2050 0.00000000 0.0000e+00
6.2100 0.00000000 0.0000e+00
6.2150 0.00000000 0.0000e+00
6.2200 0.00000000 0.0000e+00
6.2250 0.00000000 0.0000e+00
6.2300 0.00000000 0.0000e+00
6.2350 0.00000000 0.0000e+00
6.2400 0.00000000 0.0000e+00
6.2450 0.00000000 0.0000e+00
6.2500 0.00000000 0.0000e+00
6.2550 0.00000000 0.0000e+00
6.2600 0.00000000 0.0000e+00
6.2650 0.00000000 0.0000e+00
6.2700 0.00000000 0.0000e+00
6.2750 0.00000000 0.0000e+00
6.2800 0.00000000 0.0000e+00
6.2850 0.00000000 0.0000e+00
6.2900 0.00000000 0.0000e+00
6.2950 0.00000000 0.0000e+00
6.3000 0.00000000 0.0000e+00
6.3050 0.00000000 0.0000e+00
6.3100 0.00000000 0.0000e+00
6.3150 0.00000000 0.0000e+00
6.3200 0.00000000 0.0000e+00
6.3250 0.00000000 0.0000e+00
6.3300 0.00000000 0.0000e+00
6.3350 0.00000000 0.0000e+00
6.3400 0.00000000 0.0000e+00
6.3450 0.00000000 0.0000e+00
6.3500 0.00000000 0.0000e+00
6.3550 0.00000000 0.0000e+00
6.3600 0.00000000 0.0000e+00
6.3650 0.00000000 0.0000e+00
6.3700 0.00000000 0.0000e+00
6.3750 0.00000000 0.0000e+00
6.3800 0.00000000 0.0000e+00
6.3850 0.00000000 0.0000e+00
6.3900 0.00000000 0.0000e+00
6.3950 0.00000000 0.0000e+00
6.4000 0.00000000 0.0000e+00
6.4050 0.00000000 0.0000e+00
6.4100 0.00000000 0.0000e+00
6.4150 0.00000000 0.0000e+00
6.4200 0.00000000 0.0000e+00
6.4250 0.00000000 0.0000e+00
6.4300 0.00000000 0.0000e+00
6.4350 0.00000000 0.0000e+00
6.4400 0.00000000 0.0000e+00
6.4450 0.00000000 0.0000e+00
6.4500 0.00000000 0.0000e+00
6.4550 0.00000000 0.0000e+00
6.4600 0.00000000 0.0000e+00
6.4650 0.00000000 0.0000e+00
6.4700 0.00000000 0.0000e+00
6.4750 0.00000000 0.0000e+00
6.4800 0.00000000 0.0000e+00
6.4850 0.00000000 0.0000e+00
6.4900 0.00000000 0.0000e+00
6.4950 0.00000000 0.0000e+00
6.5000 0.00000000 0.0000e+00
6.5050 0.00000000 0.0000e+00
6.5100 0.00000000 0.0000e+00
6.5150 0.00000000 0.0000e+00
6.5200 0.00000000 0.0000e+00
6.5250 0.00000000 0.0000e+00
6.5300 0.00000000 0.0000e+00
6.5350 0.00000000 0.0000e+00
6.5400 0.00000000 0.0000e+00
6.5450 0.00000000 0.0000e+00
6.5500 0.00000000 0.0000e+00
6.5550 0.00000000 0.0000e+00
6.5600 0.00000000 0.0000e+00
6.5650 0.00000000 0.0000e+00
6.5700 0.00000000 0.0000e+00
6.5750 0.00000000 0.0000e+00
6.5800 0.00000000 0.0000e+00
6.5850 0.00000000 0.0000e+00
6.5900 0.00000000 0.0000e+00
6.5950 0.00000000 0.0000e+00
6.6000 0.00000000 0.0000e+00
6.6050 0.00000000 0.0000e+00
6.6100 0.00000000 0.0000e+00
6.6150 0.00000000 0.0000e+00
6.6200 0.00000000 0.0000e+00
6.6250 0.00000000 0.0000e+00
6.6300 0.00000000 0.0000e+00
6.6350 0.00000000 0.0000e+00
6.6400 0.00000000 0.0000e+00
6.6450 0.00000000 0.0000e+00
6.6500 0.00000000 0.0000e+00
6.6550 0.00000000 0.0000e+00
6.6600 0.00000000 0.0000e+00
6.6650 0.00000000 0.0000e+00
6.6700 0.00000000 0.0000e+00
6.6750 0.00000000 0.0000e+00
6.6800 0.00000000 0.0000e+00
6.6850 0.00000000 0.0000e+00
6.6900 0.00000000 0.0000e+00
6.6950 0.00000000 0.0000e+00
6.7000 0.00000000 0.0000e+00
6.7050 0.00000000 0.0000e+00
6.7100 0.00000000 0.0000e+00
6.7150 0.00000000 0.0000e+00
6.7200 0.00000000 0.0000e+00
6.7250 0.00000000 0.0000e+00
6.7300 0.00000000 0.0000e+00
6.7350 0.00000000 0.0000e+00
6.7400 0.00000000 0.0000e+00
6.7450 0.00000000 0.0000e+00
6.7500 0.00000000 0.0000e+00
6.7550 0.00000000 0.0000e+00
6.7600 0.00000000 0.0000e+00
6.7650 0.00000000 0.0000e+00
6.7700 0.00000000 0.0000e+00
6.7750 0.00000000 0.0000e+00
6.7800 0.00000000 0.0000e+00
6.7850 0.00000000 0.0000e+00
6.7900 0.00000000 0.0000e+00
6.7950 0.00000000 0.0000e+00
6.8000 0.00000000 0.0000e+00
6.8050 0.00000000 0.0000e+00
6.8100 0.00000000 0.0000e+00
6.8150 0.00000000 0.0000e+00
6.8200 0.00000000 0.0000e+00
6.8250 0.00000000 0.0000e+00
6.8300 0.00000000 0.0000e+00
6.8350 0.00000000 0.0000e+00
6.8400 0.00000000 0.0000e+00
6.8450 0.00000000 0.0000e+00
6.8500 0.00000000 0.0000e+00
6.8550 0.00000000 0.0000e+00
6.8600 0.00000000 0.0000e+00
6.8650 0.00000000 0.0000e+00
6.8700 0.00000000 0.0000e+00
6.8750 0.00000000 0.0000e+00
6.8800 0.00000000 0.0000e+00
6.8850 0.00000000 0.0000e+00
6.8900 0.00000000 0.0000e+00
6.8950 0.00000000 0.0000e+00
6.9000 0.00000000 0.0000e+00
6.9050 0.00000000 0.0000e+00
6.9100 0.00000000 0.0000e+00
6.9150 0.00000000 0.0000e+00
6.9200 0.00000000 0.0000e+00
6.9250 0.00000000 0.0000e+00
6.9300 0.00000000 0.0000e+00
6.9350 0.00000000 0.0000e+00
6.9400 0.00000000 0.0000e+00
6.9450 0.00000000 0.0000e+00
6.9500 0.00000000 0.0000e+00
6.9550 0.00000000 0.0000e+00
6.9600 0.00000000 0.0000e+00
6.9650 0.00000000 0.0000e+00
6.9700 0.00000000 0.0000e+00
6.9750 0.00000000 0.0000e+00
6.9800 0.00000000 0.0000e+00
6.9850 0.00000000 0.0000e+00
6.9900 0.00000000 0.0000e+00
6.9950 0.00000000 0.0000e+00
7.0000 0.00000000 0.0000e+00
7.0050 0.00000000 0.0000e+00
7.0100 0.00000000 0.0000e+00
7.0150 0.00000000 0.0000e+00
7.0200 0.00000000 0.0000e+00
7.0250 0.00000000 0.0000e+00
7.0300 0.00000000 0.0000e+00
7.0350 0.00000000 0.0000e+00
7.0400 0.00000000 0.0000e+00
7.0450 0.00000000 0.0000e+00
7.0500 0.00000000 0.0000e+00
7.0550 0.00000000 0.0000e+00
7.0600 0.00000000 0.0000e+00
7.0650 0.00000000 0.0000e+00
7.0700 0.00000000 0.0000e+00
7.0750 0.00000000 0.0000e+00
7.0800 0.00000000 0.0000e+00
7.0850 0.00000000 0.0000e+00
7.0900 0.00000000 0.0000e+00
7.0950 0.00000000 0.0000e+00
7.1000 0.00000000 0.0000e+00
7.1050 0.00000000 0.0000e+00
7.1100 0.00000000 0.0000e+00
7.1150 0.00000000 0.0000e+00
7.1200 0.00000000 0.0000e+00
7.1250 0.00000000 0.0000e+00
7.1300 0.00000000 0.0000e+00
7.1350 0.00000000 0.0000e+00
7.1400 0.00000000 0.0000e+00
7.1450 0.00000000 0.0000e+00
7.1500 0.00000000 0.0000e+00
7.1550 0.00000000 0.0000e+00
7.1600 0.00000000 0.0000e+00
7.1650 0.00000000 0.0000e+00
7.1700 0.00000000 0.0000e+00
7.1750 0.00000000 0.0000e+00
7.1800 0.00000000 0.0000e+00
7.1850 0.00000000 0.0000e+00
7.1900 0.00000000 0.0000e+00
7.1950 0.00000000 0.0000e+00
7.2000 0.00000000 0.0000e+00
7.2050 0.00000000 0.0000e+00
7.2100 0.00000000 0.0000e+00
7.2150 0.00000000 0.0000e+00
7.2200 0.00000000 0.0000e+00
7.2250 0.00000000 0.0000e+00
7.2300 0.00000000 0.0000e+00
7.2350 0.00000000 0.0000e+00
7.2400 0.00000000 0.0000e+00
7.2450 0.00000000 0.0000e+00
7.2500 0.00000000 0.0000e+00
7.2550 0.00000000 0.0000e+00
7.2600 0.00000000 0.0000e+00
7.2650 0.00000000 0.0000e+00
7.2700 0.00000000 0.0000e+00
7.2750 0.00000000 0.0000e+00
7.2800 0.00000000 0.0000e+00
7.2850 0.00000000 0.0000e+00
7.2900 0.00000000 0.0000e+00
7.2950 0.00000000 0.0000e+00
7.3000 0.00000000 0.0000e+00
7.3050 0.00000000 0.0000e+00
7.3100 0.00000000 0.0000e+00
7.3150 0.00000000 0.0000e+00
7.3200 0.00000000 0.0000e+00
7.3250 0.00000000 0.0000e+00
7.3300 0.00000000 0.0000e+00
7.3350 0.00000000 0.0000e+00
7.3400 0.00000000 0.0000e+00
7.3450 0.00000000 0.0000e+00
7.3500 0.00000000 0.0000e+00
7.3550 0.00000000 0.0000e+00
7.3600 0.00000000 0.0000e+00
7.3650 0.00000000 0.0000e+00
7.3700 0.00000000 0.0000e+00
7.3750 0.00000000 0.0000e+00
7.3800 0.00000000 0.0000e+00
7.3850 0.00000000 0.0000e+00
7.3900 0.00000000 0.0000e+00
7.3950 0.00000000 0.0000e+00
7.4000 0.00000000 0.0000e+00
7.4050 0.00000000 0.0000e+00
7.4100 0.00000000 0.0000e+00
7.4150 0.00000000 0.0000e+00
7.4200 0.00000000 0.0000e+00
7.4250 0.00000000 0.0000e+00
7.4300 0.00000000 0.0000e+00
7.4350 0.00000000 0.0000e+00
7.4400 0.00000000 0.0000e+00
7.4450 0.00000000 0.0000e+00
7.4500 0.00000000 0.0000e+00
7.4550 0.00000000 0.0000e+00
7.4600 0.00000000 0.0000e+00
7.4650 0.00000000 0.0000e+00
7.4700 0.00000000 0.0000e+00
7.4750 0.00000000 0.0000e+00
7.4800 0.00000000 0.0000e+00
7.4850 0.00000000 0.0000e+00
7.4900 0.00000000 0.0000e+00
7.4950 0.00000000 0.0000e+00
7.5000 0.00000000 0.0000e+00
7.5050 0.00000000 0.0000e+00
7.5100 0.00000000 0.0000e+00
7.5150 0.00000000 0.0000e+00
7.5200 0.00000000 0.0000e+00
7.5250 0.00000000 0.0000e+00
7.5300 0.00000000 0.0000e+00
7.5350 0.00000000 0.0000e+00
7.5400 0.00000000 0.0000e+00
7.5450 0.00000000 0.0000e+00
7.5500 0.00000000 0.0000e+00
7.5550 0.00000000 0.0000e+00
7.5600 0.00000000 0.0000e+00
7.5650 0.00000000 0.0000e+00
7.5700 0.00000000 0.0000e+00
7.5750 0.00000000 0.0000e+00
7.5800 0.00000000 0.0000e+00
7.5850 0.00000000 0.0000e+00
7.5900 0.00000000 0.0000e+00
7.5950 0.00000000 0.0000e+00
7.6000 0.00000000 0.0000e+00
7.6050 0.00000000 0.0000e+00
7.6100 0.00000000 0.0000e+00
7.6150 0.00000000 0.0000e+00
7.6200 0.00000000 0.0000e+00
7.6250 0.00000000 0.0000e+00
7.6300 0.00000000 0.0000e+00
7.6350 0.00000000 0.0000e+00
7.6400 0.00000000 0.0000e+00
7.6450 0.00000000 0.0000e+00
7.6500 0.00000000 0.0000e+00
7.6550 0.00000000 0.0000e+00
7.6600 0.00000000 0.0000e+00
7.6650 0.00000000 0.0000e+00
7.6700 0.00000000 0.0000e+00
7.6750 0.00000000 0.0000e+00
7.6800 0.00000000 0.0000e+00
7.6850 0.00000000 0.0000e+00
7.6900 0.00000000 0.0000e+00
7.6950 0.00000000 0.0000e+00
7.7000 0.00000000 0.0000e+00
7.7050 0.00000000 0.0000e+00
7.7100 0.00000000 0.0000e+00
7.7150 0.00000000 0.0000e+00
7.7200 0.00000000 0.0000e+00
7.7250 0.00000000 0.0000e+00
7.7300 0.00000000 0.0000e+00
7.7350 0.00000000 0.0000e+00
7.7400 0.00000000 0.0000e+00
7.7450 0.00000000 0.0000e+00
7.7500 0.00000000 0.0000e+00
7.7550 0.00000000 0.0000e+00
7.7600 0.00000000 0.0000e+00
7.7650 0.00000000 0.0000e+00
7.7700 0.00000000 0.0000e+00
7.7750 0.00000000 0.0000e+00
7.7800 0.00000000 0.0000e+00
7.7850 0.00000000 0.0000e+00
7.7900 0.00000000 0.0000e+00
7.7950 0.00000000 0.0000e+00
7.8000 0.00000000 0.0000e+00
7.8050 0.00000000 0.0000e+00
7.8100 0.00000000 0.0000e+00
7.8150 0.00000000 0.0000e+00
7.8200 0.00000000 0.0000e+00
7.8250 0.00000000 0.0000e+00
7.8300 0.00000000 0.0000e+00
7.8350 0.00000000 0.0000e+00
7.8400 0.00000000 0.0000e+00
7.8450 0.00000000 0.0000e+00
7.8500 0.00000000 0.0000e+00
7.8550 0.00000000 0.0000e+00
7.8600 0.00000000 0.0000e+00
7.8650 0.00000000 0.0000e+00
7.8700 0.00000000 0.0000e+00
7.8750 0.00000000 0.0000e+00
7.8800 0.00000000 0.0000e+00
7.8850 0.00000000 0.0000e+00
7.8900 0.00000000 0.0000e+00
7.8950 0.00000000 0.0000e+00
7.9000 0.00000000 0.0000e+00
7.9050 0.00000000 0.0000e+00
7.9100 0.00000000 0.0000e+00
7.9150 0.00000000 0.0000e+00
7.9200 0.00000000 0.0000e+00
7.9250 0.00000000 0.0000e+00
7.9300 0.00000000 0.0000e+00
7.9350 0.00000000 0.0000e+00
7.9400 0.00000000 0.0000e+00
7.9450 0.00000000 0.0000e+00
7.9500 0.00000000 0.0000e+00
7.9550 0.00000000 0.0000e+00
7.9600 0.00000000 0.0000e+00
7.9650 0.00000000 0.0000e+00
7.9700 0.00000000 0.0000e+00
7.9750 0.00000000 0.0000e+00
7.9800 0.00000000 0.0000e+00
7.9850 0.00000000 0.0000e+00
7.9900 0.00000000 0.0000e+00
7.9950 0.00000000 0.0000e+00
8.0000 0.00000000 0.0000e+00
