0.0050 0.00000000 0.0000e+00
0.0100 0.00000000 0.0000e+00
0.0150 0.00000000 0.0000e+00
0.0200 0.00000000 0.0000e+00
0.0250 0.00000000 0.0000e+00
0.0300 0.00000000 0.0000e+00
0.0350 0.00000000 0.0000e+00
0.0400 0.00000000 0.0000e+00
0.0450 0.00000000 0.0000e+00
0.0500 0.00000000 0.0000e+00
0.0550 0.00000000 0.0000e+00
0.0600 0.00000000 0.0000e+00
0.0650 0.00000000 0.0000e+00
0.0700 0.00000000 0.0000e+00
0.0750 0.00000000 0.0000e+00
0.0800 0.00000000 0.0000e+00
0.0850 0.00000000 0.0000e+00
0.0900 0.00000000 0.0000e+00
0.0950 0.00000000 0.0000e+00
0.1000 0.00000000 0.0000e+00
0.1050 0.00000000 0.0000e+00
0.1100 0.00000000 0.0000e+00
0.1150 0.00000000 0.0000e+00
0.1200 0.00000000 0.0000e+00
0.1250 0.00000000 0.0000e+00
0.1300 0.00000000 0.0000e+00
0.1350 0.00000000 0.0000e+00
0.1400 0.00000000 0.0000e+00
0.1450 0.00000000 0.0000e+00
0.1500 0.00000000 0.0000e+00
0.1550 0.00000000 0.0000e+00
0.1600 0.00000000 0.0000e+00
0.1650 0.00000000 0.0000e+00
0.1700 0.00000000 0.0000e+00
0.1750 0.00000000 0.0000e+00
0.1800 0.00000000 0.0000e+00
0.1850 0.00000000 0.0000e+00
0.1900 0.00000000 0.0000e+00
0.1950 0.00000000 0.0000e+00
0.2000 0.00000000 0.0000e+00
0.2050 0.00000000 0.0000e+00
0.2100 0.00000000 0.0000e+00
0.2150 0.00000000 0.0000e+00
0.2200 0.00000000 0.0000e+00
0.2250 0.00000000 0.0000e+00
0.2300 0.00000000 0.0000e+00
0.2350 0.00000000 0.0000e+00
0.2400 0.00000000 0.0000e+00
0.2450 0.00000000 0.0000e+00
0.2500 0.00000000 0.0000e+00
0.2550 0.00000000 0.0000e+00
0.2600 0.00000000 0.0000e+00
0.2650 0.00000000 0.0000e+00
0.2700 0.00000000 0.0000e+00
0.2750 0.00000000 0.0000e+00
0.2800 0.00000000 0.0000e+00
0.2850 0.00000000 0.0000e+00
0.2900 0.00000000 0.0000e+00
0.2950 0.00000000 0.0000e+00
0.3000 0.00000000 0.0000e+00
0.3050 0.00000000 0.0000e+00
0.3100 0.00000000 0.0000e+00
0.3150 0.00000000 0.0000e+00
0.3200 0.00000000 0.0000e+00
0.3250 0.00000000 0.0000e+00
0.3300 0.00000000 0.0000e+00
0.3350 0.00000000 0.0000e+00
0.3400 0.00000000 0.0000e+00
0.3450 0.00000000 0.0000e+00
0.3500 0.00000000 0.0000e+00
0.3550 0.00000000 0.0000e+00
0.3600 0.00000000 0.0000e+00
0.3650 0.00000000 0.0000e+00
0.3700 0.00000000 0.0000e+00
0.3750 0.00000000 0.0000e+00
0.3800 0.00000000 0.0000e+00
0.3850 0.00000000 0.0000e+00
0.3900 0.00000000 0.0000e+00
0.3950 0.00000000 0.0000e+00
0.4000 0.00000000 0.0000e+00
0.4050 0.00000000 0.0000e+00
0.4100 0.00000000 0.0000e+00
0.4150 0.00000000 0.0000e+00
0.4200 0.00000000 0.0000e+00
0.4250 0.00000000 0.0000e+00
0.4300 0.00000000 0.0000e+00
0.4350 0.00000000 0.0000e+00
0.4400 0.00000000 0.0000e+00
0.4450 0.00000000 0.0000e+00
0.4500 0.00000000 0.0000e+00
0.4550 0.00000000 0.0000e+00
0.4600 0.00000000 0.0000e+00
0.4650 0.00000000 0.0000e+00
0.4700 0.00000000 0.0000e+00
0.4750 0.00000000 0.0000e+00
0.4800 0.00000000 0.0000e+00
0.4850 0.00000000 0.0000e+00
0.4900 0.00000000 0.0000e+00
0.4950 0.00000000 0.0000e+00
0.5000 0.00000000 0.0000e+00
0.5050 0.00000000 0.0000e+00
0.5100 0.00000000 0.0000e+00
0.5150 0.00000000 0.0000e+00
0.5200 0.00000000 0.0000e+00
0.5250 0.00000000 0.0000e+00
0.5300 0.00000000 0.0000e+00
0.5350 0.00000000 0.0000e+00
0.5400 0.00000000 0.0000e+00
0.5450 0.00000000 0.0000e+00
0.5500 0.00000000 0.0000e+00
0.5550 0.00000000 0.0000e+00
0.5600 0.00000000 0.0000e+00
0.5650 0.00000000 0.0000e+00
0.5700 0.00000000 0.0000e+00
0.5750 0.00000000 0.0000e+00
0.5800 0.00000000 0.0000e+00
0.5850 0.00000000 0.0000e+00
0.5900 0.00000000 0.0000e+00
0.5950 0.00000000 0.0000e+00
0.6000 0.00000000 0.0000e+00
0.6050 0.00000000 0.0000e+00
0.6100 0.00000000 0.0000e+00
0.6150 0.00000000 0.0000e+00
0.6200 0.00000000 0.0000e+00
0.6250 0.00000000 0.0000e+00
0.6300 0.00000000 0.0000e+00
0.6350 0.00000000 0.0000e+00
0.6400 0.00000000 0.0000e+00
0.6450 0.00000000 0.0000e+00
0.6500 0.00000000 0.0000e+00
0.6550 0.00000000 0.0000e+00
0.6600 0.00000000 0.0000e+00
0.6650 0.00000000 0.0000e+00
0.6700 0.00000000 0.0000e+00
0.6750 0.00000000 0.0000e+00
0.6800 0.00000000 0.0000e+00
0.6850 0.00000000 0.0000e+00
0.6900 0.00000000 0.0000e+00
0.6950 0.00000000 0.0000e+00
0.7000 0.00000000 0.0000e+00
0.7050 0.00000000 0.0000e+00
0.7100 0.00000000 0.0000e+00
0.7150 0.00000000 0.0000e+00
0.7200 0.00000000 0.0000e+00
0.7250 0.00000000 0.0000e+00
0.7300 0.00000000 0.0000e+00
0.7350 0.00000000 0.0000e+00
0.7400 0.00000000 0.0000e+00
0.7450 0.00000000 0.0000e+00
0.7500 0.00000000 0.0000e+00
0.7550 0.00000000 0.0000e+00
0.7600 0.00000000 0.0000e+00
0.7650 0.00000000 0.0000e+00
0.7700 0.00000000 0.0000e+00
0.7750 0.00000000 0.0000e+00
0.7800 0.00000000 0.0000e+00
0.7850 0.00000000 0.0000e+00
0.7900 0.00000000 0.0000e+00
0.7950 0.00000000 0.0000e+00
0.8000 0.00000000 0.0000e+00
0.8050 0.00000000 0.0000e+00
0.8100 0.00000000 0.0000e+00
0.8150 0.00000000 0.0000e+00
0.8200 0.00000000 0.0000e+00
0.8250 0.00000000 0.0000e+00
0.8300 0.00000000 0.0000e+00
0.8350 0.00000000 0.0000e+00
0.8400 0.00000000 0.0000e+00
0.8450 0.00000000 0.0000e+00
0.8500 0.00000000 0.0000e+00
0.8550 0.00000000 0.0000e+00
0.8600 0.00000000 0.0000e+00
0.8650 0.00000000 0.0000e+00
0.8700 0.00000000 0.0000e+00
0.8750 0.00000000 0.0000e+00
0.8800 0.00000000 0.0000e+00
0.8850 0.00000000 0.0000e+00
0.8900 0.00000000 0.0000e+00
0.8950 0.00000000 0.0000e+00
0.9000 0.00000000 0.0000e+00
0.9050 0.00000000 0.0000e+00
0.9100 0.00000000 0.0000e+00
0.9150 0.00000000 0.0000e+00
0.9200 0.00000000 0.0000e+00
0.9250 0.00000000 0.0000e+00
0.9300 0.00000000 0.0000e+00
0.9350 0.00000000 0.0000e+00
0.9400 0.00000000 0.0000e+00
0.9450 0.00000000 0.0000e+00
0.9500 0.00000000 0.0000e+00
0.9550 0.00000000 0.0000e+00
0.9600 0.00000000 0.0000e+00
0.9650 0.00000000 0.0000e+00
0.9700 0.00000000 0.0000e+00
0.9750 0.00000000 0.0000e+00
0.9800 0.00000000 0.0000e+00
0.9850 0.00000000 0.0000e+00
0.9900 0.00000000 0.0000e+00
0.9950 0.00000000 0.0000e+00
1.0000 0.00000000 0.0000e+00
1.0050 0.00000000 0.0000e+00
1.0100 0.00000000 0.0000e+00
1.0150 0.00000000 0.0000e+00
1.0200 0.00000000 0.0000e+00
1.0250 0.00000000 0.0000e+00
1.0300 0.00000000 0.0000e+00
1.0350 0.00000000 0.0000e+00
1.0400 0.00000000 0.0000e+00
1.0450 0.00000000 0.0000e+00
1.0500 0.00000000 0.0000e+00
1.0550 0.00000000 0.0000e+00
1.0600 0.00000000 0.0000e+00
1.0650 0.00000000 0.0000e+00
1.0700 0.00000000 0.0000e+00
1.0750 0.00000000 0.0000e+00
1.0800 0.00000000 0.0000e+00
1.0850 0.00000000 0.0000e+00
1.0900 0.00000000 0.0000e+00
1.0950 0.00000000 0.0000e+00
1.1000 0.00000000 0.0000e+00
1.1050 0.00000000 0.0000e+00
1.1100 0.00000000 0.0000e+00
1.1150 0.00000000 0.0000e+00
1.1200 0.00000000 0.0000e+00
1.1250 0.00000000 0.0000e+00
1.1300 0.00000000 0.0000e+00
1.1350 0.00000000 0.0000e+00
1.1400 0.00000000 0.0000e+00
1.1450 0.00000000 0.0000e+00
1.1500 0.00000000 0.0000e+00
1.1550 0.00000000 0.0000e+00
1.1600 0.00000000 0.0000e+00
1.1650 0.00000000 0.0000e+00
1.1700 0.00000000 0.0000e+00
1.1750 0.00000000 0.0000e+00
1.1800 0.00000000 0.0000e+00
1.1850 0.00000000 0.0000e+00
1.1900 0.00000000 0.0000e+00
1.1950 0.00000000 0.0000e+00
1.2000 0.00000000 0.0000e+00
1.2050 0.00000000 0.0000e+00
1.2100 0.00000000 0.0000e+00
1.2150 0.00000000 0.0000e+00
1.2200 0.00000000 0.0000e+00
1.2250 0.00000000 0.0000e+00
1.2300 0.00000000 0.0000e+00
1.2350 0.00000000 0.0000e+00
1.2400 0.00000000 0.0000e+00
1.2450 0.00000000 0.0000e+00
1.2500 0.00000000 0.0000e+00
1.2550 0.00000000 0.0000e+00
1.2600 0.00000000 0.0000e+00
1.2650 0.00000000 0.0000e+00
1.2700 0.00000000 0.0000e+00
1.2750 0.00000000 0.0000e+00
1.2800 0.00000000 0.0000e+00
1.2850 0.00000000 0.0000e+00
1.2900 0.00000000 0.0000e+00
1.2950 0.00000000 0.0000e+00
1.3000 0.00000000 0.0000e+00
1.3050 0.00000000 0.0000e+00
1.3100 0.00000000 0.0000e+00
1.3150 0.00000000 0.0000e+00
1.3200 0.00000000 0.0000e+00
1.3250 0.00000000 0.0000e+00
1.3300 0.00000000 0.0000e+00
1.3350 0.00000000 0.0000e+00
1.3400 0.00000000 0.0000e+00
1.3450 0.00000000 0.0000e+00
1.3500 0.00000000 0.0000e+00
1.3550 0.00000000 0.0000e+00
1.3600 0.00000000 0.0000e+00
1.3650 0.00000000 0.0000e+00
1.3700 0.00000000 0.0000e+00
1.3750 0.00000000 0.0000e+00
1.3800 0.00000000 0.0000e+00
1.3850 0.00000000 0.0000e+00
1.3900 0.00000000 0.0000e+00
1.3950 0.00000000 0.0000e+00
1.4000 0.00000000 0.0000e+00
1.4050 0.00000000 0.0000e+00
1.4100 0.00000000 0.0000e+00
1.4150 0.00000000 0.0000e+00
1.4200 0.00000000 0.0000e+00
1.4250 0.00000000 0.0000e+00
1.4300 0.00000000 0.0000e+00
1.4350 0.00000000 0.0000e+00
1.4400 0.00000000 0.0000e+00
1.4450 0.00000000 0.0000e+00
1.4500 0.00000000 0.0000e+00
1.4550 0.00000000 0.0000e+00
1.4600 0.00000000 0.0000e+00
1.4650 0.00000000 0.0000e+00
1.4700 0.00000000 0.0000e+00
1.4750 0.00000000 0.0000e+00
1.4800 0.00000000 0.0000e+00
1.4850 0.00000000 0.0000e+00
1.4900 0.00000000 0.0000e+00
1.4950 0.00000000 0.0000e+00
1.5000 0.00000000 0.0000e+00
1.5050 0.00000000 0.0000e+00
1.5100 0.00000000 0.0000e+00
1.5150 0.00000000 0.0000e+00
1.5200 0.00000000 0.0000e+00
1.5250 0.00000000 0.0000e+00
1.5300 0.00000000 0.0000e+00
1.5350 0.00000000 0.0000e+00
1.5400 0.00000000 0.0000e+00
1.5450 0.00000000 0.0000e+00
1.5500 0.00000000 0.0000e+00
1.5550 0.00000000 0.0000e+00
1.5600 0.00000000 0.0000e+00
1.5650 0.00000000 0.0000e+00
1.5700 0.00000000 0.0000e+00
1.5750 0.00000000 0.0000e+00
1.5800 0.00000000 0.0000e+00
1.5850 0.00000000 0.0000e+00
1.5900 0.00000000 0.0000e+00
1.5950 0.00000000 0.0000e+00
1.6000 0.00000000 0.0000e+00
1.6050 0.00000000 0.0000e+00
1.6100 0.00000000 0.0000e+00
1.6150 0.00000000 0.0000e+00
1.6200 0.00000000 0.0000e+00
1.6250 0.00000000 0.0000e+00
1.6300 0.00000000 0.0000e+00
1.6350 0.00000000 0.0000e+00
1.6400 0.00000000 0.0000e+00
1.6450 0.00000000 0.0000e+00
1.6500 0.00000000 0.0000e+00
1.6550 0.00000000 0.0000e+00
1.6600 0.00000000 0.0000e+00
1.6650 0.00000000 0.0000e+00
1.6700 0.00000000 0.0000e+00
1.6750 0.00000000 0.0000e+00
1.6800 0.00000000 0.0000e+00
1.6850 0.00000000 0.0000e+00
1.6900 0.00000000 0.0000e+00
1.6950 0.00000000 0.0000e+00
1.7000 0.00000000 0.0000e+00
1.7050 0.00000000 0.0000e+00
1.7100 0.00000000 0.0000e+00
1.7150 0.00000000 0.0000e+00
1.7200 0.00000000 0.0000e+00
1.7250 0.00000000 0.0000e+00
1.7300 0.00000000 0.0000e+00
1.7350 0.00000000 0.0000e+00
1.7400 0.00000000 0.0000e+00
1.7450 0.00000000 0.0000e+00
1.7500 0.00000000 0.0000e+00
1.7550 0.00000000 0.0000e+00
1.7600 0.00000000 0.0000e+00
1.7650 0.00000000 0.0000e+00
1.7700 0.00000000 0.0000e+00
1.7750 0.00000000 0.0000e+00
1.7800 0.00000000 0.0000e+00
1.7850 0.00000000 0.0000e+00
1.7900 0.00000000 0.0000e+00
1.7950 0.00000000 0.0000e+00
1.8000 0.00000000 0.0000e+00
1.8050 0.00000000 0.0000e+00
1.8100 0.00000000 0.0000e+00
1.8150 0.00000000 0.0000e+00
1.8200 0.00000000 0.0000e+00
1.8250 0.00000000 0.0000e+00
1.8300 0.00000000 0.0000e+00
1.8350 0.00000000 0.0000e+00
1.8400 0.00000000 0.0000e+00
1.8450 0.00000000 0.0000e+00
1.8500 0.00000000 0.0000e+00
1.8550 0.00000000 0.0000e+00
1.8600 0.00000000 0.0000e+00
1.8650 0.00000000 0.0000e+00
1.8700 0.00000000 0.0000e+00
1.8750 0.00000000 0.0000e+00
1.8800 0.00000000 0.0000e+00
1.8850 0.00000000 0.0000e+00
1.8900 0.00000000 0.0000e+00
1.8950 0.00000000 0.0000e+00
1.9000 0.00000000 0.0000e+00
1.9050 0.00000000 0.0000e+00
1.9100 0.00000000 0.0000e+00
1.9150 0.00000000 0.0000e+00
1.9200 0.00000000 0.0000e+00
1.9250 0.00000000 0.0000e+00
1.9300 0.00000000 0.0000e+00
1.9350 0.00000000 0.0000e+00
1.9400 0.00000000 0.0000e+00
1.9450 0.00000000 0.0000e+00
1.9500 0.00000000 0.0000e+00
1.9550 0.00000000 0.0000e+00
1.9600 0.00000000 0.0000e+00
1.9650 0.00000000 0.0000e+00
1.9700 0.00000000 0.0000e+00
1.9750 0.00000000 0.0000e+00
1.9800 0.00000000 0.0000e+00
1.9850 0.00000000 0.0000e+00
1.9900 0.00000000 0.0000e+00
1.9950 0.00000000 0.0000e+00
2.0000 0.00000000 0.0000e+00
2.0050 0.00000000 0.0000e+00
2.0100 0.00000000 0.0000e+00
2.0150 0.00000000 0.0000e+00
2.0200 0.00000000 0.0000e+00
2.0250 0.00000000 0.0000e+00
2.0300 0.00000000 0.0000e+00
2.0350 0.00000000 0.0000e+00
2.0400 0.00000000 0.0000e+00
2.0450 0.00000000 0.0000e+00
2.0500 0.00000000 0.0000e+00
2.0550 0.00000000 0.0000e+00
2.0600 0.00000000 0.0000e+00
2.0650 0.00000000 0.0000e+00
2.0700 0.00000000 0.0000e+00
2.0750 0.00000000 0.0000e+00
2.0800 0.00000000 0.0000e+00
2.0850 0.00000000 0.0000e+00
2.0900 0.00000000 0.0000e+00
2.0950 0.00000000 0.0000e+00
2.1000 0.00000000 0.0000e+00
2.1050 0.00000000 0.0000e+00
2.1100 0.00000000 0.0000e+00
2.1150 0.00000000 0.0000e+00
2.1200 0.00000000 0.0000e+00
2.1250 0.00000000 0.0000e+00
2.1300 0.00000000 0.0000e+00
2.1350 0.00000000 0.0000e+00
2.1400 0.00000000 0.0000e+00
2.1450 0.00000000 0.0000e+00
2.1500 0.00000000 0.0000e+00
2.1550 0.00000000 0.0000e+00
2.1600 0.00000000 0.0000e+00
2.1650 0.00000000 0.0000e+00
2.1700 0.00000000 0.0000e+00
2.1750 0.00000000 0.0000e+00
2.1800 0.00000000 0.0000e+00
2.1850 0.00000000 0.0000e+00
2.1900 0.00000000 0.0000e+00
2.1950 0.00000000 0.0000e+00
2.2000 0.00146258 2.7676e+10
2.2050 0.00146410 2.7705e+10
2.2100 0.00146561 2.7734e+10
2.2150 0.00146713 2.7762e+10
2.2200 0.00146864 2.7791e+10
2.2250 0.00147016 2.7820e+10
2.2300 0.00147168 2.7848e+10
2.2350 0.00147319 2.7877e+10
2.2400 0.00147471 2.7906e+10
2.2450 0.00147622 2.7934e+10
2.2500 0.00147774 2.7963e+10
2.2550 0.00147925 2.7992e+10
2.2600 0.00148077 2.8020e+10
2.2650 0.00148228 2.8049e+10
2.2700 0.00148380 2.8078e+10
2.2750 0.00148531 2.8106e+10
2.2800 0.00148683 2.8135e+10
2.2850 0.00148834 2.8164e+10
2.2900 0.00148986 2.8192e+10
2.2950 0.00149137 2.8221e+10
2.3000 0.00149289 2.8250e+10
2.3050 0.00149440 2.8278e+10
2.3100 0.00149592 2.8307e+10
2.3150 0.00149743 2.8336e+10
2.3200 0.00149895 2.8364e+10
2.3250 0.00150046 2.8393e+10
2.3300 0.00150198 2.8422e+10
2.3350 0.00150349 2.8450e+10
2.3400 0.00150501 2.8479e+10
2.3450 0.00150652 2.8508e+10
2.3500 0.00150804 2.8536e+10
2.3550 0.00150955 2.8565e+10
2.3600 0.00151107 2.8594e+10
2.3650 0.00151258 2.8622e+10
2.3700 0.00151410 2.8651e+10
2.3750 0.00151561 2.8680e+10
2.3800 0.00151713 2.8708e+10
2.3850 0.00151864 2.8737e+10
2.3900 0.00152016 2.8766e+10
2.3950 0.00152167 2.8794e+10
2.4000 0.00152319 2.8823e+10
2.4050 0.00152470 2.8852e+10
2.4100 0.00152622 2.8881e+10
2.4150 0.00152773 2.8909e+10
2.4200 0.00152925 2.8938e+10
2.4250 0.00153076 2.8967e+10
2.4300 0.00153228 2.8995e+10
2.4350 0.00153379 2.9024e+10
2.4400 0.00153531 2.9053e+10
2.4450 0.00153682 2.9081e+10
2.4500 0.00153834 2.9110e+10
2.4550 0.00153985 2.9139e+10
2.4600 0.00154137 2.9167e+10
2.4650 0.00154288 2.9196e+10
2.4700 0.00154440 2.9225e+10
2.4750 0.00154591 2.9253e+10
2.4800 0.00154743 2.9282e+10
2.4850 0.00154894 2.9311e+10
2.4900 0.00155046 2.9339e+10
2.4950 0.00155197 2.9368e+10
2.5000 0.00155349 2.9397e+10
2.5050 0.00158372 2.9969e+10
2.5100 0.00161454 3.0552e+10
2.5150 0.00164535 3.1135e+10
2.5200 0.00167617 3.1718e+10
2.5250 0.00170698 3.2301e+10
2.5300 0.00173779 3.2884e+10
2.5350 0.00176861 3.3467e+10
2.5400 0.00179942 3.4050e+10
2.5450 0.00183024 3.4633e+10
2.5500 0.00186105 3.5217e+10
2.5550 0.00189187 3.5800e+10
2.5600 0.00192268 3.6383e+10
2.5650 0.00195349 3.6966e+10
2.5700 0.00198431 3.7549e+10
2.5750 0.00201512 3.8132e+10
2.5800 0.00204594 3.8715e+10
2.5850 0.00207675 3.9298e+10
2.5900 0.00210757 3.9881e+10
2.5950 0.00213838 4.0464e+10
2.6000 0.00216919 4.1047e+10
2.6050 0.00220001 4.1631e+10
2.6100 0.00223082 4.2214e+10
2.6150 0.00226164 4.2797e+10
2.6200 0.00229245 4.3380e+10
2.6250 0.00232327 4.3963e+10
2.6300 0.00235408 4.4546e+10
2.6350 0.00238489 4.5129e+10
2.6400 0.00241571 4.5712e+10
2.6450 0.00244652 4.6295e+10
2.6500 0.00247734 4.6878e+10
2.6550 0.00250815 4.7462e+10
2.6600 0.00253896 4.8045e+10
2.6650 0.00256978 4.8628e+10
2.6700 0.00260059 4.9211e+10
2.6750 0.00263141 4.9794e+10
2.6800 0.00269398 5.0978e+10
2.6850 0.00276647 5.2350e+10
2.6900 0.00283897 5.3722e+10
2.6950 0.00291146 5.5093e+10
2.7000 0.00298396 5.6465e+10
2.7050 0.00305645 5.7837e+10
2.7100 0.00312895 5.9209e+10
2.7150 0.00320144 6.0581e+10
2.7200 0.00327394 6.1952e+10
2.7250 0.00334643 6.3324e+10
2.7300 0.00341893 6.4696e+10
2.7350 0.00349142 6.6068e+10
2.7400 0.00356392 6.7440e+10
2.7450 0.00363641 6.8812e+10
2.7500 0.00370891 7.0183e+10
2.7550 0.00378140 7.1555e+10
2.7600 0.00385389 7.2927e+10
2.7650 0.00392639 7.4299e+10
2.7700 0.00399888 7.5671e+10
2.7750 0.00407138 7.7042e+10
2.7800 0.00414387 7.8414e+10
2.7850 0.00421637 7.9786e+10
2.7900 0.00428886 8.1158e+10
2.7950 0.00436136 8.2530e+10
2.8000 0.00443385 8.3901e+10
2.8050 0.00454159 8.5940e+10
2.8100 0.00465962 8.8174e+10
2.8150 0.00477764 9.0407e+10
2.8200 0.00489566 9.2640e+10
2.8250 0.00501368 9.4874e+10
2.8300 0.00513170 9.7107e+10
2.8350 0.00524973 9.9340e+10
2.8400 0.00536775 1.0157e+11
2.8450 0.00548577 1.0381e+11
2.8500 0.00560379 1.0604e+11
2.8550 0.00572182 1.0827e+11
2.8600 0.00583984 1.1051e+11
2.8650 0.00595786 1.1274e+11
2.8700 0.00607588 1.1497e+11
2.8750 0.00619391 1.1721e+11
2.8800 0.00631193 1.1944e+11
2.8850 0.00642995 1.2167e+11
2.8900 0.00654797 1.2391e+11
2.8950 0.00666599 1.2614e+11
2.9000 0.00680426 1.2876e+11
2.9050 0.00697391 1.3197e+11
2.9100 0.00714355 1.3518e+11
2.9150 0.00731319 1.3839e+11
2.9200 0.00748284 1.4160e+11
2.9250 0.00765248 1.4481e+11
2.9300 0.00782213 1.4802e+11
2.9350 0.00799177 1.5123e+11
2.9400 0.00816141 1.5444e+11
2.9450 0.00833106 1.5765e+11
2.9500 0.00850070 1.6086e+11
2.9550 0.00867035 1.6407e+11
2.9600 0.00883999 1.6728e+11
2.9650 0.00900963 1.7049e+11
2.9700 0.00917928 1.7370e+11
2.9750 0.00934892 1.7691e+11
2.9800 0.00954875 1.8069e+11
2.9850 0.00977270 1.8493e+11
2.9900 0.00999664 1.8917e+11
2.9950 0.01022059 1.9340e+11
3.0000 0.01044453 1.9764e+11
3.0050 0.01066848 2.0188e+11
3.0100 0.01089243 2.0612e+11
3.0150 0.01111637 2.1035e+11
3.0200 0.01134032 2.1459e+11
3.0250 0.01156426 2.1883e+11
3.0300 0.01178821 2.2307e+11
3.0350 0.01201215 2.2731e+11
3.0400 0.01223610 2.3154e+11
3.0450 0.01247158 2.3600e+11
3.0500 0.01276479 2.4155e+11
3.0550 0.01305799 2.4710e+11
3.0600 0.01335120 2.5264e+11
3.0650 0.01364441 2.5819e+11
3.0700 0.01393761 2.6374e+11
3.0750 0.01423082 2.6929e+11
3.0800 0.01452403 2.7484e+11
3.0850 0.01481723 2.8039e+11
3.0900 0.01511044 2.8593e+11
3.0950 0.01540365 2.9148e+11
3.1000 0.01569686 2.9703e+11
3.1050 0.01602702 3.0328e+11
3.1100 0.01638527 3.1006e+11
3.1150 0.01674353 3.1684e+11
3.1200 0.01710178 3.2362e+11
3.1250 0.01746004 3.3039e+11
3.1300 0.01781829 3.3717e+11
3.1350 0.01817655 3.4395e+11
3.1400 0.01853480 3.5073e+11
3.1450 0.01889306 3.5751e+11
3.1500 0.01925131 3.6429e+11
3.1550 0.01963153 3.7149e+11
3.1600 0.02005482 3.7950e+11
3.1650 0.02047811 3.8751e+11
3.1700 0.02090141 3.9552e+11
3.1750 0.02132470 4.0353e+11
3.1800 0.02174800 4.1154e+11
3.1850 0.02217129 4.1955e+11
3.1900 0.02259459 4.2756e+11
3.1950 0.02301788 4.3557e+11
3.2000 0.02345811 4.4390e+11
3.2050 0.02397236 4.5363e+11
3.2100 0.02448661 4.6336e+11
3.2150 0.02500086 4.7309e+11
3.2200 0.02551512 4.8282e+11
3.2250 0.02602937 4.9255e+11
3.2300 0.02654362 5.0228e+11
3.2350 0.02705787 5.1201e+11
3.2400 0.02757212 5.2175e+11
3.2450 0.02813000 5.3230e+11
3.2500 0.02869231 5.4294e+11
3.2550 0.02925463 5.5358e+11
3.2600 0.02981694 5.6422e+11
3.2650 0.03037926 5.7486e+11
3.2700 0.03094157 5.8551e+11
3.2750 0.03150389 5.9615e+11
3.2800 0.03210183 6.0746e+11
3.2850 0.03276595 6.2003e+11
3.2900 0.03343008 6.3259e+11
3.2950 0.03409420 6.4516e+11
3.3000 0.03475833 6.5773e+11
3.3050 0.03542245 6.7030e+11
3.3100 0.03608657 6.8286e+11
3.3150 0.03677315 6.9586e+11
3.3200 0.03749377 7.0949e+11
3.3250 0.03821439 7.2313e+11
3.3300 0.03893501 7.3676e+11
3.3350 0.03965563 7.5040e+11
3.3400 0.04037625 7.6404e+11
3.3450 0.04109687 7.7767e+11
3.3500 0.04192793 7.9340e+11
3.3550 0.04276352 8.0921e+11
3.3600 0.04359911 8.2502e+11
3.3650 0.04443470 8.4083e+11
3.3700 0.04527030 8.5665e+11
3.3750 0.04610589 8.7246e+11
3.3800 0.04703970 8.9013e+11
3.3850 0.04797677 9.0786e+11
3.3900 0.04891384 9.2559e+11
3.3950 0.04985092 9.4332e+11
3.4000 0.05078799 9.6106e+11
3.4050 0.05174605 9.7919e+11
3.4100 0.05274108 9.9802e+11
3.4150 0.05373611 1.0168e+12
3.4200 0.05473114 1.0357e+12
3.4250 0.05572617 1.0545e+12
3.4300 0.05672669 1.0734e+12
3.4350 0.05777874 1.0933e+12
3.4400 0.05883079 1.1133e+12
3.4450 0.05988283 1.1332e+12
3.4500 0.06093488 1.1531e+12
3.4550 0.06199364 1.1731e+12
3.4600 0.06309667 1.1940e+12
3.4650 0.06419971 1.2148e+12
3.4700 0.06530274 1.2357e+12
3.4750 0.06640578 1.2566e+12
3.4800 0.06755559 1.2783e+12
3.4850 0.06876606 1.3013e+12
3.4900 0.06997652 1.3242e+12
3.4950 0.07118699 1.3471e+12
3.5000 0.07239746 1.3700e+12
3.5050 0.07373985 1.3954e+12
3.5100 0.07508491 1.4208e+12
3.5150 0.07642996 1.4463e+12
3.5200 0.07777502 1.4717e+12
3.5250 0.07915491 1.4978e+12
3.5300 0.08054689 1.5242e+12
3.5350 0.08193888 1.5505e+12
3.5400 0.08333086 1.5769e+12
3.5450 0.08479900 1.6046e+12
3.5500 0.08629952 1.6330e+12
3.5550 0.08780005 1.6614e+12
3.5600 0.08930058 1.6898e+12
3.5650 0.09083527 1.7189e+12
3.5700 0.09237644 1.7480e+12
3.5750 0.09391762 1.7772e+12
3.5800 0.09547322 1.8066e+12
3.5850 0.09711464 1.8377e+12
3.5900 0.09875606 1.8688e+12
3.5950 0.10039749 1.8998e+12
3.6000 0.10205646 1.9312e+12
3.6050 0.10372722 1.9628e+12
3.6100 0.10539798 1.9944e+12
3.6150 0.10711714 2.0270e+12
3.6200 0.10904065 2.0634e+12
3.6250 0.11096416 2.0998e+12
3.6300 0.11288766 2.1362e+12
3.6350 0.11458421 2.1683e+12
3.6400 0.11625924 2.2000e+12
3.6450 0.11793427 2.2317e+12
3.6500 0.12005000 2.2717e+12
3.6550 0.12230908 2.3144e+12
3.6600 0.12456816 2.3572e+12
3.6650 0.12671203 2.3978e+12
3.6700 0.12880804 2.4374e+12
3.6750 0.13090406 2.4771e+12
3.6800 0.13299052 2.5166e+12
3.6850 0.13507400 2.5560e+12
3.6900 0.13715748 2.5954e+12
3.6950 0.13901582 2.6306e+12
3.7000 0.14085292 2.6653e+12
3.7050 0.14273726 2.7010e+12
3.7100 0.14487682 2.7415e+12
3.7150 0.14701637 2.7820e+12
3.7200 0.14940782 2.8272e+12
3.7250 0.15206849 2.8776e+12
3.7300 0.15472916 2.9279e+12
3.7350 0.15704931 2.9718e+12
3.7400 0.15932754 3.0149e+12
3.7450 0.16162323 3.0584e+12
3.7500 0.16394831 3.1024e+12
3.7550 0.16627339 3.1464e+12
3.7600 0.16829184 3.1846e+12
3.7650 0.17028566 3.2223e+12
3.7700 0.17280390 3.2700e+12
3.7750 0.17575852 3.3259e+12
3.7800 0.17853371 3.3784e+12
3.7850 0.18070632 3.4195e+12
3.7900 0.18287893 3.4606e+12
3.7950 0.18664988 3.5320e+12
3.8000 0.19046479 3.6042e+12
3.8050 0.19215588 3.6362e+12
3.8100 0.19322741 3.6564e+12
3.8150 0.19625672 3.7138e+12
3.8200 0.20043885 3.7929e+12
3.8250 0.20377367 3.8560e+12
3.8300 0.20637589 3.9052e+12
3.8350 0.20937533 3.9620e+12
3.8400 0.21278414 4.0265e+12
3.8450 0.21569766 4.0816e+12
3.8500 0.21810715 4.1272e+12
3.8550 0.22093753 4.1808e+12
3.8600 0.22412121 4.2410e+12
3.8650 0.22692632 4.2941e+12
3.8700 0.22951344 4.3431e+12
3.8750 0.23266888 4.4028e+12
3.8800 0.23599736 4.4658e+12
3.8850 0.23881415 4.5191e+12
3.8900 0.24147055 4.5693e+12
3.8950 0.24339241 4.6057e+12
3.9000 0.24629984 4.6607e+12
3.9050 0.25073489 4.7446e+12
3.9100 0.25489832 4.8234e+12
3.9150 0.25892925 4.8997e+12
3.9200 0.26091327 4.9372e+12
3.9250 0.26353698 4.9869e+12
3.9300 0.26751461 5.0622e+12
3.9350 0.27150345 5.1376e+12
3.9400 0.27543013 5.2119e+12
3.9450 0.27883565 5.2764e+12
3.9500 0.28287001 5.3527e+12
3.9550 0.28738832 5.4382e+12
3.9600 0.28894133 5.4676e+12
3.9650 0.29122314 5.5108e+12
3.9700 0.29426967 5.5684e+12
3.9750 0.29966256 5.6705e+12
3.9800 0.30365000 5.7459e+12
3.9850 0.30651539 5.8002e+12
3.9900 0.30938585 5.8545e+12
3.9950 0.31359365 5.9341e+12
4.0000 0.31796199 6.0168e+12
4.0050 0.32149094 6.0835e+12
4.0100 0.32372392 6.1258e+12
4.0150 0.32648974 6.1781e+12
4.0200 0.33045930 6.2533e+12
4.0250 0.33653653 6.3683e+12
4.0300 0.33983813 6.4307e+12
4.0350 0.34393745 6.5083e+12
4.0400 0.34811663 6.5874e+12
4.0450 0.35184022 6.6578e+12
4.0500 0.35557075 6.7284e+12
4.0550 0.35832448 6.7805e+12
4.0600 0.36223747 6.8546e+12
4.0650 0.36731098 6.9506e+12
4.0700 0.37197075 7.0388e+12
4.0750 0.37468570 7.0901e+12
4.0800 0.37784124 7.1499e+12
4.0850 0.38456801 7.2772e+12
4.0900 0.38526818 7.2904e+12
4.0950 0.39026018 7.3849e+12
4.1000 0.39431034 7.4615e+12
4.1050 0.39764007 7.5245e+12
4.1100 0.40138574 7.5954e+12
4.1150 0.40649383 7.6921e+12
4.1200 0.41115139 7.7802e+12
4.1250 0.41319461 7.8188e+12
4.1300 0.41832471 7.9159e+12
4.1350 0.42318374 8.0079e+12
4.1400 0.42750799 8.0897e+12
4.1450 0.43615967 8.2534e+12
4.1500 0.43819512 8.2919e+12
4.1550 0.44048984 8.3354e+12
4.1600 0.44642785 8.4477e+12
4.1650 0.45054780 8.5257e+12
4.1700 0.45446669 8.5998e+12
4.1750 0.46102421 8.7239e+12
4.1800 0.46384130 8.7772e+12
4.1850 0.46653266 8.8282e+12
4.1900 0.47146900 8.9216e+12
4.1950 0.47833578 9.0515e+12
4.2000 0.48111710 9.1041e+12
4.2050 0.48614339 9.1993e+12
4.2100 0.49437939 9.3551e+12
4.2150 0.49781309 9.4201e+12
4.2200 0.49722761 9.4090e+12
4.2250 0.50886236 9.6292e+12
4.2300 0.50907029 9.6331e+12
4.2350 0.51707666 9.7846e+12
4.2400 0.52037992 9.8471e+12
4.2450 0.52248160 9.8869e+12
4.2500 0.52734618 9.9789e+12
4.2550 0.53171165 1.0062e+13
4.2600 0.53369266 1.0099e+13
4.2650 0.54275454 1.0271e+13
4.2700 0.54118840 1.0241e+13
4.2750 0.54968288 1.0402e+13
4.2800 0.55613325 1.0524e+13
4.2850 0.55704645 1.0541e+13
4.2900 0.56196281 1.0634e+13
4.2950 0.56932275 1.0773e+13
4.3000 0.57326026 1.0848e+13
4.3050 0.57569747 1.0894e+13
4.3100 0.58135784 1.1001e+13
4.3150 0.58147193 1.1003e+13
4.3200 0.58168066 1.1007e+13
4.3250 0.59623608 1.1283e+13
4.3300 0.59848768 1.1325e+13
4.3350 0.60243601 1.1400e+13
4.3400 0.60452269 1.1439e+13
4.3450 0.61309529 1.1602e+13
4.3500 0.61458703 1.1630e+13
4.3550 0.61693879 1.1674e+13
4.3600 0.62876582 1.1898e+13
4.3650 0.62946427 1.1911e+13
4.3700 0.63238731 1.1967e+13
4.3750 0.63385215 1.1994e+13
4.3800 0.63886505 1.2089e+13
4.3850 0.65050357 1.2309e+13
4.3900 0.65441335 1.2383e+13
4.3950 0.65653981 1.2424e+13
4.4000 0.66374165 1.2560e+13
4.4050 0.67189414 1.2714e+13
4.4100 0.67041911 1.2686e+13
4.4150 0.67722384 1.2815e+13
4.4200 0.68161771 1.2898e+13
4.4250 0.68355012 1.2935e+13
4.4300 0.69974476 1.3241e+13
4.4350 0.69630454 1.3176e+13
4.4400 0.70379748 1.3318e+13
4.4450 0.70344814 1.3311e+13
4.4500 0.70906851 1.3418e+13
4.4550 0.72691483 1.3755e+13
4.4600 0.72281939 1.3678e+13
4.4650 0.73463443 1.3901e+13
4.4700 0.72560732 1.3731e+13
4.4750 0.73685680 1.3943e+13
4.4800 0.73543313 1.3917e+13
4.4850 0.74312600 1.4062e+13
4.4900 0.74721399 1.4139e+13
4.4950 0.75385968 1.4265e+13
4.5000 0.75184804 1.4227e+13
4.5050 0.75508390 1.4288e+13
4.5100 0.76423493 1.4462e+13
4.5150 0.76696543 1.4513e+13
4.5200 0.76833869 1.4539e+13
4.5250 0.78047207 1.4769e+13
4.5300 0.78557635 1.4865e+13
4.5350 0.78854924 1.4922e+13
4.5400 0.79042018 1.4957e+13
4.5450 0.78786298 1.4909e+13
4.5500 0.80597877 1.5251e+13
4.5550 0.81225389 1.5370e+13
4.5600 0.80433932 1.5220e+13
4.5650 0.82167609 1.5549e+13
4.5700 0.83746785 1.5847e+13
4.5750 0.84269265 1.5946e+13
4.5800 0.83785434 1.5855e+13
4.5850 0.85744397 1.6225e+13
4.5900 0.89075897 1.6856e+13
4.5950 0.91298340 1.7276e+13
4.6000 0.94600272 1.7901e+13
4.6050 1.00341353 1.8988e+13
4.6100 1.07111814 2.0269e+13
4.6150 1.15806749 2.1914e+13
4.6200 1.28089119 2.4238e+13
4.6250 1.41069541 2.6694e+13
4.6300 1.55045459 2.9339e+13
4.6350 1.72195655 3.2584e+13
4.6400 1.90850585 3.6115e+13
4.6450 2.06824678 3.9137e+13
4.6500 2.21208482 4.1859e+13
4.6550 2.35205005 4.4508e+13
4.6600 2.43202224 4.6021e+13
4.6650 2.52136507 4.7712e+13
4.6700 2.54684998 4.8194e+13
4.6750 2.54604601 4.8179e+13
4.6800 2.44861281 4.6335e+13
4.6850 2.39477643 4.5316e+13
4.6900 2.27816070 4.3109e+13
4.6950 2.16004775 4.0874e+13
4.7000 2.05836233 3.8950e+13
4.7050 1.94758779 3.6854e+13
4.7100 1.85774831 3.5154e+13
4.7150 1.74523153 3.3025e+13
4.7200 1.68383562 3.1863e+13
4.7250 1.58694580 3.0030e+13
4.7300 1.51768316 2.8719e+13
4.7350 1.42229746 2.6914e+13
4.7400 1.37669683 2.6051e+13
4.7450 1.34213685 2.5397e+13
4.7500 1.26826160 2.3999e+13
4.7550 1.23396923 2.3350e+13
4.7600 1.16360074 2.2019e+13
4.7650 1.15790941 2.1911e+13
4.7700 1.09605260 2.0741e+13
4.7750 1.05964668 2.0052e+13
4.7800 1.04417223 1.9759e+13
4.7850 1.02133108 1.9327e+13
4.7900 0.97802141 1.8507e+13
4.7950 0.96024585 1.8171e+13
4.8000 0.91013575 1.7222e+13
4.8050 0.92336894 1.7473e+13
4.8100 0.87783760 1.6611e+13
4.8150 0.85945830 1.6263e+13
4.8200 0.83558183 1.5812e+13
4.8250 0.82816792 1.5671e+13
4.8300 0.80467019 1.5227e+13
4.8350 0.78724851 1.4897e+13
4.8400 0.75495798 1.4286e+13
4.8450 0.75416781 1.4271e+13
4.8500 0.72706595 1.3758e+13
4.8550 0.72694376 1.3756e+13
4.8600 0.71807426 1.3588e+13
4.8650 0.69208105 1.3096e+13
4.8700 0.67765132 1.2823e+13
4.8750 0.66967822 1.2672e+13
4.8800 0.64677729 1.2239e+13
4.8850 0.65036493 1.2307e+13
4.8900 0.63420211 1.2001e+13
4.8950 0.62622322 1.1850e+13
4.9000 0.64639271 1.2232e+13
4.9050 0.59380113 1.1236e+13
4.9100 0.61265785 1.1593e+13
4.9150 0.63349724 1.1988e+13
4.9200 0.66155343 1.2519e+13
4.9250 0.68036688 1.2875e+13
4.9300 0.70881423 1.3413e+13
4.9350 0.74913870 1.4176e+13
4.9400 0.85324951 1.6146e+13
4.9450 0.91872290 1.7385e+13
4.9500 0.99245330 1.8780e+13
4.9550 1.07604212 2.0362e+13
4.9600 1.09988809 2.0813e+13
4.9650 1.08907876 2.0609e+13
4.9700 1.09590028 2.0738e+13
4.9750 1.03412338 1.9569e+13
4.9800 0.93460773 1.7686e+13
4.9850 0.87925927 1.6638e+13
4.9900 0.77066424 1.4583e+13
4.9950 0.67753888 1.2821e+13
5.0000 0.62555182 1.1837e+13
5.0050 0.59231847 1.1208e+13
5.0100 0.52539441 9.9420e+12
5.0150 0.48423550 9.1632e+12
5.0200 0.45131605 8.5402e+12
5.0250 0.41504729 7.8539e+12
5.0300 0.40138834 7.5954e+12
5.0350 0.37603543 7.1157e+12
5.0400 0.34683090 6.5631e+12
5.0450 0.33461478 6.3319e+12
5.0500 0.30353485 5.7438e+12
5.0550 0.28305298 5.3562e+12
5.0600 0.28302709 5.3557e+12
5.0650 0.26710650 5.0544e+12
5.0700 0.25493303 4.8241e+12
5.0750 0.25667865 4.8571e+12
5.0800 0.22553303 4.2677e+12
5.0850 0.20653511 3.9082e+12
5.0900 0.23265184 4.4025e+12
5.0950 0.21392395 4.0481e+12
5.1000 0.22100452 4.1821e+12
5.1050 0.22219872 4.2046e+12
5.1100 0.21596540 4.0867e+12
5.1150 0.24578561 4.6510e+12
5.1200 0.25578737 4.8402e+12
5.1250 0.27384869 5.1820e+12
5.1300 0.27241788 5.1549e+12
5.1350 0.28153074 5.3274e+12
5.1400 0.27925691 5.2844e+12
5.1450 0.28467585 5.3869e+12
5.1500 0.24993604 4.7295e+12
5.1550 0.19881041 3.7621e+12
5.1600 0.17548194 3.3206e+12
5.1650 0.16250329 3.0750e+12
5.1700 0.13873730 2.6253e+12
5.1750 0.10970922 2.0760e+12
5.1800 0.13770889 2.6059e+12
5.1850 0.10328330 1.9544e+12
5.1900 0.08537242 1.6155e+12
5.1950 0.08866372 1.6778e+12
5.2000 0.08440264 1.5971e+12
5.2050 0.08660384 1.6388e+12
5.2100 0.08537869 1.6156e+12
5.2150 0.07228244 1.3678e+12
5.2200 0.05858158 1.1085e+12
5.2250 0.06138717 1.1616e+12
5.2300 0.06026886 1.1405e+12
5.2350 0.05419131 1.0255e+12
5.2400 0.04839520 9.1578e+11
5.2450 0.05516494 1.0439e+12
5.2500 0.05389069 1.0198e+12
5.2550 0.07618912 1.4417e+12
5.2600 0.05790016 1.0956e+12
5.2650 0.05593516 1.0585e+12
5.2700 0.05905732 1.1175e+12
5.2750 0.05496500 1.0401e+12
5.2800 0.04161411 7.8746e+11
5.2850 0.03846613 7.2789e+11
5.2900 0.02357058 4.4602e+11
5.2950 0.01606705 3.0404e+11
5.3000 0.01658013 3.1374e+11
5.3050 0.01925330 3.6433e+11
5.3100 0.01113463 2.1070e+11
5.3150 0.01578010 2.9861e+11
5.3200 0.01344743 2.5446e+11
5.3250 0.01325913 2.5090e+11
5.3300 0.01207763 2.2854e+11
5.3350 0.00620760 1.1747e+11
5.3400 0.00758810 1.4359e+11
5.3450 0.01692989 3.2036e+11
5.3500 0.00607594 1.1497e+11
5.3550 0.01073209 2.0308e+11
5.3600 0.01860210 3.5201e+11
5.3650 0.02196927 4.1572e+11
5.3700 0.00908677 1.7195e+11
5.3750 0.00297175 5.6234e+10
5.3800 0.00304097 5.7544e+10
5.3850 0.00543241 1.0280e+11
5.3900 0.00407513 7.7113e+10
5.3950 0.00325846 6.1660e+10
5.4000 0.00568843 1.0764e+11
5.4050 0.00376852 7.1311e+10
5.4100 0.00615933 1.1655e+11
5.4150 0.00357283 6.7608e+10
5.4200 0.00365607 6.9183e+10
5.4250 0.00399647 7.5625e+10
5.4300 0.00382836 7.2444e+10
5.4350 0.00469624 8.8867e+10
5.4400 0.00400878 7.5858e+10
5.4450 0.00584648 1.1063e+11
5.4500 0.00419775 7.9434e+10
5.4550 0.00429551 8.1284e+10
5.4600 0.00675183 1.2776e+11
5.4650 0.00449795 8.5114e+10
5.4700 0.00460306 8.7103e+10
5.4750 0.00471000 8.9127e+10
5.4800 0.00481962 9.1201e+10
5.4850 0.00493218 9.3331e+10
5.4900 0.00909880 1.7218e+11
5.4950 0.00615210 1.1642e+11
5.5000 0.00528478 1.0000e+11
5.5050 0.00540944 1.0236e+11
5.5100 0.00553497 1.0474e+11
5.5150 0.00566327 1.0717e+11
5.5200 0.00579452 1.0965e+11
5.5250 0.00593014 1.1222e+11
5.5300 0.00606894 1.1484e+11
5.5350 0.00621034 1.1752e+11
5.5400 0.00635399 1.2024e+11
5.5450 0.00000000 0.0000e+00
5.5500 0.00000000 0.0000e+00
5.5550 0.00000000 0.0000e+00
5.5600 0.00000000 0.0000e+00
5.5650 0.00000000 0.0000e+00
5.5700 0.00000000 0.0000e+00
5.5750 0.00000000 0.0000e+00
5.5800 0.00000000 0.0000e+00
5.5850 0.00000000 0.0000e+00
5.5900 0.00000000 0.0000e+00
5.5950 0.00000000 0.0000e+00
5.6000 0.00000000 0.0000e+00
5.6050 0.00000000 0.0000e+00
5.6100 0.00000000 0.0000e+00
5.6150 0.00000000 0.0000e+00
5.6200 0.00000000 0.0000e+00
5.6250 0.00000000 0.0000e+00
5.6300 0.00000000 0.0000e+00
5.6350 0.00000000 0.0000e+00
5.6400 0.00000000 0.0000e+00
5.6450 0.00000000 0.0000e+00
5.6500 0.00000000 0.0000e+00
5.6550 0.00000000 0.0000e+00
5.6600 0.00000000 0.0000e+00
5.6650 0.00000000 0.0000e+00
5.6700 0.00000000 0.0000e+00
5.6750 0.00000000 0.0000e+00
5.6800 0.00000000 0.0000e+00
5.6850 0.00000000 0.0000e+00
5.6900 0.00000000 0.0000e+00
5.6950 0.00000000 0.0000e+00
5.7000 0.00000000 0.0000e+00
5.7050 0.00000000 0.0000e+00
5.7100 0.00000000 0.0000e+00
5.7150 0.00000000 0.0000e+00
5.7200 0.00000000 0.0000e+00
5.7250 0.00000000 0.0000e+00
5.7300 0.00000000 0.0000e+00
5.7350 0.00000000 0.0000e+00
5.7400 0.00000000 0.0000e+00
5.7450 0.00000000 0.0000e+00
5.7500 0.00000000 0.0000e+00
5.7550 0.00000000 0.0000e+00
5.7600 0.00000000 0.0000e+00
5.7650 0.00000000 0.0000e+00
5.7700 0.00000000 0.0000e+00
5.7750 0.00000000 0.0000e+00
5.7800 0.00000000 0.0000e+00
5.7850 0.00000000 0.0000e+00
5.7900 0.00000000 0.0000e+00
5.7950 0.00000000 0.0000e+00
5.8000 0.00000000 0.0000e+00
5.8050 0.00000000 0.0000e+00
5.8100 0.00000000 0.0000e+00
5.8150 0.00000000 0.0000e+00
5.8200 0.00000000 0.0000e+00
5.8250 0.00000000 0.0000e+00
5.8300 0.00000000 0.0000e+00
5.8350 0.00000000 0.0000e+00
5.8400 0.00000000 0.0000e+00
5.8450 0.00000000 0.0000e+00
5.8500 0.00000000 0.0000e+00
5.8550 0.00000000 0.0000e+00
5.8600 0.00000000 0.0000e+00
5.8650 0.00000000 0.0000e+00
5.8700 0.00000000 0.0000e+00
5.8750 0.00000000 0.0000e+00
5.8800 0.00000000 0.0000e+00
5.8850 0.00000000 0.0000e+00
5.8900 0.00000000 0.0000e+00
5.8950 0.00000000 0.0000e+00
5.9000 0.00000000 0.0000e+00
5.9050 0.00000000 0.0000e+00
5.9100 0.00000000 0.0000e+00
5.9150 0.00000000 0.0000e+00
5.9200 0.00000000 0.0000e+00
5.9250 0.00000000 0.0000e+00
5.9300 0.00000000 0.0000e+00
5.9350 0.00000000 0.0000e+00
5.9400 0.00000000 0.0000e+00
5.9450 0.00000000 0.0000e+00
5.9500 0.00000000 0.0000e+00
5.9550 0.00000000 0.0000e+00
5.9600 0.00000000 0.0000e+00
5.9650 0.00000000 0.0000e+00
5.9700 0.00000000 0.0000e+00
5.9750 0.00000000 0.0000e+00
5.9800 0.00000000 0.0000e+00
5.9850 0.00000000 0.0000e+00
5.9900 0.00000000 0.0000e+00
5.9950 0.00000000 0.0000e+00
6.0000 0.00000000 0.0000e+00
6.0050 0.00000000 0.0000e+00
6.0100 0.00000000 0.0000e+00
6.0150 0.00000000 0.0000e+00
6.0200 0.00000000 0.0000e+00
6.0250 0.00000000 0.0000e+00
6.0300 0.00000000 0.0000e+00
6.0350 0.00000000 0.0000e+00
6.0400 0.00000000 0.0000e+00
6.0450 0.00000000 0.0000e+00
6.0500 0.00000000 0.0000e+00
6.0550 0.00000000 0.0000e+00
6.0600 0.00000000 0.0000e+00
6.0650 0.00000000 0.0000e+00
6.0700 0.00000000 0.0000e+00
6.0750 0.00000000 0.0000e+00
6.0800 0.00000000 0.0000e+00
6.0850 0.00000000 0.0000e+00
6.0900 0.00000000 0.0000e+00
6.0950 0.00000000 0.0000e+00
6.1000 0.00000000 0.0000e+00
6.1050 0.00000000 0.0000e+00
6.1100 0.00000000 0.0000e+00
6.1150 0.00000000 0.0000e+00
6.1200 0.00000000 0.0000e+00
6.1250 0.00000000 0.0000e+00
6.1300 0.00000000 0.0000e+00
6.1350 0.00000000 0.0000e+00
6.1400 0.00000000 0.0000e+00
6.1450 0.00000000 0.0000e+00
6.1500 0.00000000 0.0000e+00
6.1550 0.00000000 0.0000e+00
6.1600 0.00000000 0.0000e+00
6.1650 0.00000000 0.0000e+00
6.1700 0.00000000 0.0000e+00
6.1750 0.00000000 0.0000e+00
6.1800 0.00000000 0.0000e+00
6.1850 0.00000000 0.0000e+00
6.1900 0.00000000 0.0000e+00
6.1950 0.00000000 0.0000e+00
6.2000 0.00000000 0.0000e+00
6.2050 0.00000000 0.0000e+00
6.2100 0.00000000 0.0000e+00
6.2150 0.00000000 0.0000e+00
6.2200 0.00000000 0.0000e+00
6.2250 0.00000000 0.0000e+00
6.2300 0.00000000 0.0000e+00
6.2350 0.00000000 0.0000e+00
6.2400 0.00000000 0.0000e+00
6.2450 0.00000000 0.0000e+00
6.2500 0.00000000 0.0000e+00
6.2550 0.00000000 0.0000e+00
6.2600 0.00000000 0.0000e+00
6.2650 0.00000000 0.0000e+00
6.2700 0.00000000 0.0000e+00
6.2750 0.00000000 0.0000e+00
6.2800 0.00000000 0.0000e+00
6.2850 0.00000000 0.0000e+00
6.2900 0.00000000 0.0000e+00
6.2950 0.00000000 0.0000e+00
6.3000 0.00000000 0.0000e+00
6.3050 0.00000000 0.0000e+00
6.3100 0.00000000 0.0000e+00
6.3150 0.00000000 0.0000e+00
6.3200 0.00000000 0.0000e+00
6.3250 0.00000000 0.0000e+00
6.3300 0.00000000 0.0000e+00
6.3350 0.00000000 0.0000e+00
6.3400 0.00000000 0.0000e+00
6.3450 0.00000000 0.0000e+00
6.3500 0.00000000 0.0000e+00
6.3550 0.00000000 0.0000e+00
6.3600 0.00000000 0.0000e+00
6.3650 0.00000000 0.0000e+00
6.3700 0.00000000 0.0000e+00
6.3750 0.00000000 0.0000e+00
6.3800 0.00000000 0.0000e+00
6.3850 0.00000000 0.0000e+00
6.3900 0.00000000 0.0000e+00
6.3950 0.00000000 0.0000e+00
6.4000 0.00000000 0.0000e+00
6.4050 0.00000000 0.0000e+00
6.4100 0.00000000 0.0000e+00
6.4150 0.00000000 0.0000e+00
6.4200 0.00000000 0.0000e+00
6.4250 0.00000000 0.0000e+00
6.4300 0.00000000 0.0000e+00
6.4350 0.00000000 0.0000e+00
6.4400 0.00000000 0.0000e+00
6.4450 0.00000000 0.0000e+00
6.4500 0.00000000 0.0000e+00
6.4550 0.00000000 0.0000e+00
6.4600 0.00000000 0.0000e+00
6.4650 0.00000000 0.0000e+00
6.4700 0.00000000 0.0000e+00
6.4750 0.00000000 0.0000e+00
6.4800 0.00000000 0.0000e+00
6.4850 0.00000000 0.0000e+00
6.4900 0.00000000 0.0000e+00
6.4950 0.00000000 0.0000e+00
6.5000 0.00000000 0.0000e+00
6.5050 0.00000000 0.0000e+00
6.5100 0.00000000 0.0000e+00
6.5150 0.00000000 0.0000e+00
6.5200 0.00000000 0.0000e+00
6.5250 0.00000000 0.0000e+00
6.5300 0.00000000 0.0000e+00
6.5350 0.00000000 0.0000e+00
6.5400 0.00000000 0.0000e+00
6.5450 0.00000000 0.0000e+00
6.5500 0.00000000 0.0000e+00
6.5550 0.00000000 0.0000e+00
6.5600 0.00000000 0.0000e+00
6.5650 0.00000000 0.0000e+00
6.5700 0.00000000 0.0000e+00
6.5750 0.00000000 0.0000e+00
6.5800 0.00000000 0.0000e+00
6.5850 0.00000000 0.0000e+00
6.5900 0.00000000 0.0000e+00
6.5950 0.00000000 0.0000e+00
6.6000 0.00000000 0.0000e+00
6.6050 0.00000000 0.0000e+00
6.6100 0.00000000 0.0000e+00
6.6150 0.00000000 0.0000e+00
6.6200 0.00000000 0.0000e+00
6.6250 0.00000000 0.0000e+00
6.6300 0.00000000 0.0000e+00
6.6350 0.00000000 0.0000e+00
6.6400 0.00000000 0.0000e+00
6.6450 0.00000000 0.0000e+00
6.6500 0.00000000 0.0000e+00
6.6550 0.00000000 0.0000e+00
6.6600 0.00000000 0.0000e+00
6.6650 0.00000000 0.0000e+00
6.6700 0.00000000 0.0000e+00
6.6750 0.00000000 0.0000e+00
6.6800 0.00000000 0.0000e+00
6.6850 0.00000000 0.0000e+00
6.6900 0.00000000 0.0000e+00
6.6950 0.00000000 0.0000e+00
6.7000 0.00000000 0.0000e+00
6.7050 0.00000000 0.0000e+00
6.7100 0.00000000 0.0000e+00
6.7150 0.00000000 0.0000e+00
6.7200 0.00000000 0.0000e+00
6.7250 0.00000000 0.0000e+00
6.7300 0.00000000 0.0000e+00
6.7350 0.00000000 0.0000e+00
6.7400 0.00000000 0.0000e+00
6.7450 0.00000000 0.0000e+00
6.7500 0.00000000 0.0000e+00
6.7550 0.00000000 0.0000e+00
6.7600 0.00000000 0.0000e+00
6.7650 0.00000000 0.0000e+00
6.7700 0.00000000 0.0000e+00
6.7750 0.00000000 0.0000e+00
6.7800 0.00000000 0.0000e+00
6.7850 0.00000000 0.0000e+00
6.7900 0.00000000 0.0000e+00
6.7950 0.00000000 0.0000e+00
6.8000 0.00000000 0.0000e+00
6.8050 0.00000000 0.0000e+00
6.8100 0.00000000 0.0000e+00
6.8150 0.00000000 0.0000e+00
6.8200 0.00000000 0.0000e+00
6.8250 0.00000000 0.0000e+00
6.8300 0.00000000 0.0000e+00
6.8350 0.00000000 0.0000e+00
6.8400 0.00000000 0.0000e+00
6.8450 0.00000000 0.0000e+00
6.8500 0.00000000 0.0000e+00
6.8550 0.00000000 0.0000e+00
6.8600 0.00000000 0.0000e+00
6.8650 0.00000000 0.0000e+00
6.8700 0.00000000 0.0000e+00
6.8750 0.00000000 0.0000e+00
6.8800 0.00000000 0.0000e+00
6.8850 0.00000000 0.0000e+00
6.8900 0.00000000 0.0000e+00
6.8950 0.00000000 0.0000e+00
6.9000 0.00000000 0.0000e+00
6.9050 0.00000000 0.0000e+00
6.9100 0.00000000 0.0000e+00
6.9150 0.00000000 0.0000e+00
6.9200 0.00000000 0.0000e+00
6.9250 0.00000000 0.0000e+00
6.9300 0.00000000 0.0000e+00
6.9350 0.00000000 0.0000e+00
6.9400 0.00000000 0.0000e+00
6.9450 0.00000000 0.0000e+00
6.9500 0.00000000 0.0000e+00
6.9550 0.00000000 0.0000e+00
6.9600 0.00000000 0.0000e+00
6.9650 0.00000000 0.0000e+00
6.9700 0.00000000 0.0000e+00
6.9750 0.00000000 0.0000e+00
6.9800 0.00000000 0.0000e+00
6.9850 0.00000000 0.0000e+00
6.9900 0.00000000 0.0000e+00
6.9950 0.00000000 0.0000e+00
7.0000 0.00000000 0.0000e+00
7.0050 0.00000000 0.0000e+00
7.0100 0.00000000 0.0000e+00
7.0150 0.00000000 0.0000e+00
7.0200 0.00000000 0.0000e+00
7.0250 0.00000000 0.0000e+00
7.0300 0.00000000 0.0000e+00
7.0350 0.00000000 0.0000e+00
7.0400 0.00000000 0.0000e+00
7.0450 0.00000000 0.0000e+00
7.0500 0.00000000 0.0000e+00
7.0550 0.00000000 0.0000e+00
7.0600 0.00000000 0.0000e+00
7.0650 0.00000000 0.0000e+00
7.0700 0.00000000 0.0000e+00
7.0750 0.00000000 0.0000e+00
7.0800 0.00000000 0.0000e+00
7.0850 0.00000000 0.0000e+00
7.0900 0.00000000 0.0000e+00
7.0950 0.00000000 0.0000e+00
7.1000 0.00000000 0.0000e+00
7.1050 0.00000000 0.0000e+00
7.1100 0.00000000 0.0000e+00
7.1150 0.00000000 0.0000e+00
7.1200 0.00000000 0.0000e+00
7.1250 0.00000000 0.0000e+00
7.1300 0.00000000 0.0000e+00
7.1350 0.00000000 0.0000e+00
7.1400 0.00000000 0.0000e+00
7.1450 0.00000000 0.0000e+00
7.1500 0.00000000 0.0000e+00
7.1550 0.00000000 0.0000e+00
7.1600 0.00000000 0.0000e+00
7.1650 0.00000000 0.0000e+00
7.1700 0.00000000 0.0000e+00
7.1750 0.00000000 0.0000e+00
7.1800 0.00000000 0.0000e+00
7.1850 0.00000000 0.0000e+00
7.1900 0.00000000 0.0000e+00
7.1950 0.00000000 0.0000e+00
7.2000 0.00000000 0.0000e+00
7.2050 0.00000000 0.0000e+00
7.2100 0.00000000 0.0000e+00
7.2150 0.00000000 0.0000e+00
7.2200 0.00000000 0.0000e+00
7.2250 0.00000000 0.0000e+00
7.2300 0.00000000 0.0000e+00
7.2350 0.00000000 0.0000e+00
7.2400 0.00000000 0.0000e+00
7.2450 0.00000000 0.0000e+00
7.2500 0.00000000 0.0000e+00
7.2550 0.00000000 0.0000e+00
7.2600 0.00000000 0.0000e+00
7.2650 0.00000000 0.0000e+00
7.2700 0.00000000 0.0000e+00
7.2750 0.00000000 0.0000e+00
7.2800 0.00000000 0.0000e+00
7.2850 0.00000000 0.0000e+00
7.2900 0.00000000 0.0000e+00
7.2950 0.00000000 0.0000e+00
7.3000 0.00000000 0.0000e+00
7.3050 0.00000000 0.0000e+00
7.3100 0.00000000 0.0000e+00
7.3150 0.00000000 0.0000e+00
7.3200 0.00000000 0.0000e+00
7.3250 0.00000000 0.0000e+00
7.3300 0.00000000 0.0000e+00
7.3350 0.00000000 0.0000e+00
7.3400 0.00000000 0.0000e+00
7.3450 0.00000000 0.0000e+00
7.3500 0.00000000 0.0000e+00
7.3550 0.00000000 0.0000e+00
7.3600 0.00000000 0.0000e+00
7.3650 0.00000000 0.0000e+00
7.3700 0.00000000 0.0000e+00
7.3750 0.00000000 0.0000e+00
7.3800 0.00000000 0.0000e+00
7.3850 0.00000000 0.0000e+00
7.3900 0.00000000 0.0000e+00
7.3950 0.00000000 0.0000e+00
7.4000 0.00000000 0.0000e+00
7.4050 0.00000000 0.0000e+00
7.4100 0.00000000 0.0000e+00
7.4150 0.00000000 0.0000e+00
7.4200 0.00000000 0.0000e+00
7.4250 0.00000000 0.0000e+00
7.4300 0.00000000 0.0000e+00
7.4350 0.00000000 0.0000e+00
7.4400 0.00000000 0.0000e+00
7.4450 0.00000000 0.0000e+00
7.4500 0.00000000 0.0000e+00
7.4550 0.00000000 0.0000e+00
7.4600 0.00000000 0.0000e+00
7.4650 0.00000000 0.0000e+00
7.4700 0.00000000 0.0000e+00
7.4750 0.00000000 0.0000e+00
7.4800 0.00000000 0.0000e+00
7.4850 0.00000000 0.0000e+00
7.4900 0.00000000 0.0000e+00
7.4950 0.00000000 0.0000e+00
7.5000 0.00000000 0.0000e+00
7.5050 0.00000000 0.0000e+00
7.5100 0.00000000 0.0000e+00
7.5150 0.00000000 0.0000e+00
7.5200 0.00000000 0.0000e+00
7.5250 0.00000000 0.0000e+00
7.5300 0.00000000 0.0000e+00
7.5350 0.00000000 0.0000e+00
7.5400 0.00000000 0.0000e+00
7.5450 0.00000000 0.0000e+00
7.5500 0.00000000 0.0000e+00
7.5550 0.00000000 0.0000e+00
7.5600 0.00000000 0.0000e+00
7.5650 0.00000000 0.0000e+00
7.5700 0.00000000 0.0000e+00
7.5750 0.00000000 0.0000e+00
7.5800 0.00000000 0.0000e+00
7.5850 0.00000000 0.0000e+00
7.5900 0.00000000 0.0000e+00
7.5950 0.00000000 0.0000e+00
7.6000 0.00000000 0.0000e+00
7.6050 0.00000000 0.0000e+00
7.6100 0.00000000 0.0000e+00
7.6150 0.00000000 0.0000e+00
7.6200 0.00000000 0.0000e+00
7.6250 0.00000000 0.0000e+00
7.6300 0.00000000 0.0000e+00
7.6350 0.00000000 0.0000e+00
7.6400 0.00000000 0.0000e+00
7.6450 0.00000000 0.0000e+00
7.6500 0.00000000 0.0000e+00
7.6550 0.00000000 0.0000e+00
7.6600 0.00000000 0.0000e+00
7.6650 0.00000000 0.0000e+00
7.6700 0.00000000 0.0000e+00
7.6750 0.00000000 0.0000e+00
7.6800 0.00000000 0.0000e+00
7.6850 0.00000000 0.0000e+00
7.6900 0.00000000 0.0000e+00
7.6950 0.00000000 0.0000e+00
7.7000 0.00000000 0.0000e+00
7.7050 0.00000000 0.0000e+00
7.7100 0.00000000 0.0000e+00
7.7150 0.00000000 0.0000e+00
7.7200 0.00000000 0.0000e+00
7.7250 0.00000000 0.0000e+00
7.7300 0.00000000 0.0000e+00
7.7350 0.00000000 0.0000e+00
7.7400 0.00000000 0.0000e+00
7.7450 0.00000000 0.0000e+00
7.7500 0.00000000 0.0000e+00
7.7550 0.00000000 0.0000e+00
7.7600 0.00000000 0.0000e+00
7.7650 0.00000000 0.0000e+00
7.7700 0.00000000 0.0000e+00
7.7750 0.00000000 0.0000e+00
7.7800 0.00000000 0.0000e+00
7.7850 0.00000000 0.0000e+00
7.7900 0.00000000 0.0000e+00
7.7950 0.00000000 0.0000e+00
7.8000 0.00000000 0.0000e+00
7.8050 0.00000000 0.0000e+00
7.8100 0.00000000 0.0000e+00
7.8150 0.00000000 0.0000e+00
7.8200 0.00000000 0.0000e+00
7.8250 0.00000000 0.0000e+00
7.8300 0.00000000 0.0000e+00
7.8350 0.00000000 0.0000e+00
7.8400 0.00000000 0.0000e+00
7.8450 0.00000000 0.0000e+00
7.8500 0.00000000 0.0000e+00
7.8550 0.00000000 0.0000e+00
7.8600 0.00000000 0.0000e+00
7.8650 0.00000000 0.0000e+00
7.8700 0.00000000 0.0000e+00
7.8750 0.00000000 0.0000e+00
7.8800 0.00000000 0.0000e+00
7.8850 0.00000000 0.0000e+00
7.8900 0.00000000 0.0000e+00
7.8950 0.00000000 0.0000e+00
7.9000 0.00000000 0.0000e+00
7.9050 0.00000000 0.0000e+00
7.9100 0.00000000 0.0000e+00
7.9150 0.00000000 0.0000e+00
7.9200 0.00000000 0.0000e+00
7.9250 0.00000000 0.0000e+00
7.9300 0.00000000 0.0000e+00
7.9350 0.00000000 0.0000e+00
7.9400 0.00000000 0.0000e+00
7.9450 0.00000000 0.0000e+00
7.9500 0.00000000 0.0000e+00
7.9550 0.00000000 0.0000e+00
7.9600 0.00000000 0.0000e+00
7.9650 0.00000000 0.0000e+00
7.9700 0.00000000 0.0000e+00
7.9750 0.00000000 0.0000e+00
7.9800 0.00000000 0.0000e+00
7.9850 0.00000000 0.0000e+00
7.9900 0.00000000 0.0000e+00
7.9950 0.00000000 0.0000e+00
8.0000 0.00000000 0.0000e+00
