0.0050 0.00000000 0.0000e+00
0.0100 0.00000000 0.0000e+00
0.0150 0.00000000 0.0000e+00
0.0200 0.00000000 0.0000e+00
0.0250 0.00000000 0.0000e+00
0.0300 0.00000000 0.0000e+00
0.0350 0.00000000 0.0000e+00
0.0400 0.00000000 0.0000e+00
0.0450 0.00000000 0.0000e+00
0.0500 0.00000000 0.0000e+00
0.0550 0.00000000 0.0000e+00
0.0600 0.00000000 0.0000e+00
0.0650 0.00000000 0.0000e+00
0.0700 0.00000000 0.0000e+00
0.0750 0.00000000 0.0000e+00
0.0800 0.00000000 0.0000e+00
0.0850 0.00000000 0.0000e+00
0.0900 0.00000000 0.0000e+00
0.0950 0.00000000 0.0000e+00
0.1000 0.00000000 0.0000e+00
0.1050 0.00000000 0.0000e+00
0.1100 0.00000000 0.0000e+00
0.1150 0.00000000 0.0000e+00
0.1200 0.00000000 0.0000e+00
0.1250 0.00000000 0.0000e+00
0.1300 0.00000000 0.0000e+00
0.1350 0.00000000 0.0000e+00
0.1400 0.00000000 0.0000e+00
0.1450 0.00000000 0.0000e+00
0.1500 0.00000000 0.0000e+00
0.1550 0.00000000 0.0000e+00
0.1600 0.00000000 0.0000e+00
0.1650 0.00000000 0.0000e+00
0.1700 0.00000000 0.0000e+00
0.1750 0.00000000 0.0000e+00
0.1800 0.00000000 0.0000e+00
0.1850 0.00000000 0.0000e+00
0.1900 0.00000000 0.0000e+00
0.1950 0.00000000 0.0000e+00
0.2000 0.00000000 0.0000e+00
0.2050 0.00000000 0.0000e+00
0.2100 0.00000000 0.0000e+00
0.2150 0.00000000 0.0000e+00
0.2200 0.00000000 0.0000e+00
0.2250 0.00000000 0.0000e+00
0.2300 0.00000000 0.0000e+00
0.2350 0.00000000 0.0000e+00
0.2400 0.00000000 0.0000e+00
0.2450 0.00000000 0.0000e+00
0.2500 0.00000000 0.0000e+00
0.2550 0.00000000 0.0000e+00
0.2600 0.00000000 0.0000e+00
0.2650 0.00000000 0.0000e+00
0.2700 0.00000000 0.0000e+00
0.2750 0.00000000 0.0000e+00
0.2800 0.00000000 0.0000e+00
0.2850 0.00000000 0.0000e+00
0.2900 0.00000000 0.0000e+00
0.2950 0.00000000 0.0000e+00
0.3000 0.00000000 0.0000e+00
0.3050 0.00000000 0.0000e+00
0.3100 0.00000000 0.0000e+00
0.3150 0.00000000 0.0000e+00
0.3200 0.00000000 0.0000e+00
0.3250 0.00000000 0.0000e+00
0.3300 0.00000000 0.0000e+00
0.3350 0.00000000 0.0000e+00
0.3400 0.00000000 0.0000e+00
0.3450 0.00000000 0.0000e+00
0.3500 0.00000000 0.0000e+00
0.3550 0.00000000 0.0000e+00
0.3600 0.00000000 0.0000e+00
0.3650 0.00000000 0.0000e+00
0.3700 0.00000000 0.0000e+00
0.3750 0.00000000 0.0000e+00
0.3800 0.00000000 0.0000e+00
0.3850 0.00000000 0.0000e+00
0.3900 0.00000000 0.0000e+00
0.3950 0.00000000 0.0000e+00
0.4000 0.00000000 0.0000e+00
0.4050 0.00000000 0.0000e+00
0.4100 0.00000000 0.0000e+00
0.4150 0.00000000 0.0000e+00
0.4200 0.00000000 0.0000e+00
0.4250 0.00000000 0.0000e+00
0.4300 0.00000000 0.0000e+00
0.4350 0.00000000 0.0000e+00
0.4400 0.00000000 0.0000e+00
0.4450 0.00000000 0.0000e+00
0.4500 0.00000000 0.0000e+00
0.4550 0.00000000 0.0000e+00
0.4600 0.00000000 0.0000e+00
0.4650 0.00000000 0.0000e+00
0.4700 0.00000000 0.0000e+00
0.4750 0.00000000 0.0000e+00
0.4800 0.00000000 0.0000e+00
0.4850 0.00000000 0.0000e+00
0.4900 0.00000000 0.0000e+00
0.4950 0.00000000 0.0000e+00
0.5000 0.00000000 0.0000e+00
0.5050 0.00000000 0.0000e+00
0.5100 0.00000000 0.0000e+00
0.5150 0.00000000 0.0000e+00
0.5200 0.00000000 0.0000e+00
0.5250 0.00000000 0.0000e+00
0.5300 0.00000000 0.0000e+00
0.5350 0.00000000 0.0000e+00
0.5400 0.00000000 0.0000e+00
0.5450 0.00000000 0.0000e+00
0.5500 0.00000000 0.0000e+00
0.5550 0.00000000 0.0000e+00
0.5600 0.00000000 0.0000e+00
0.5650 0.00000000 0.0000e+00
0.5700 0.00000000 0.0000e+00
0.5750 0.00000000 0.0000e+00
0.5800 0.00000000 0.0000e+00
0.5850 0.00000000 0.0000e+00
0.5900 0.00000000 0.0000e+00
0.5950 0.00000000 0.0000e+00
0.6000 0.00000000 0.0000e+00
0.6050 0.00000000 0.0000e+00
0.6100 0.00000000 0.0000e+00
0.6150 0.00000000 0.0000e+00
0.6200 0.00000000 0.0000e+00
0.6250 0.00000000 0.0000e+00
0.6300 0.00000000 0.0000e+00
0.6350 0.00000000 0.0000e+00
0.6400 0.00000000 0.0000e+00
0.6450 0.00000000 0.0000e+00
0.6500 0.00000000 0.0000e+00
0.6550 0.00000000 0.0000e+00
0.6600 0.00000000 0.0000e+00
0.6650 0.00000000 0.0000e+00
0.6700 0.00000000 0.0000e+00
0.6750 0.00000000 0.0000e+00
0.6800 0.00000000 0.0000e+00
0.6850 0.00000000 0.0000e+00
0.6900 0.00000000 0.0000e+00
0.6950 0.00000000 0.0000e+00
0.7000 0.00000000 0.0000e+00
0.7050 0.00000000 0.0000e+00
0.7100 0.00000000 0.0000e+00
0.7150 0.00000000 0.0000e+00
0.7200 0.00000000 0.0000e+00
0.7250 0.00000000 0.0000e+00
0.7300 0.00000000 0.0000e+00
0.7350 0.00000000 0.0000e+00
0.7400 0.00000000 0.0000e+00
0.7450 0.00000000 0.0000e+00
0.7500 0.00000000 0.0000e+00
0.7550 0.00000000 0.0000e+00
0.7600 0.00000000 0.0000e+00
0.7650 0.00000000 0.0000e+00
0.7700 0.00000000 0.0000e+00
0.7750 0.00000000 0.0000e+00
0.7800 0.00000000 0.0000e+00
0.7850 0.00000000 0.0000e+00
0.7900 0.00000000 0.0000e+00
0.7950 0.00000000 0.0000e+00
0.8000 0.00000000 0.0000e+00
0.8050 0.00000000 0.0000e+00
0.8100 0.00000000 0.0000e+00
0.8150 0.00000000 0.0000e+00
0.8200 0.00000000 0.0000e+00
0.8250 0.00000000 0.0000e+00
0.8300 0.00000000 0.0000e+00
0.8350 0.00000000 0.0000e+00
0.8400 0.00000000 0.0000e+00
0.8450 0.00000000 0.0000e+00
0.8500 0.00000000 0.0000e+00
0.8550 0.00000000 0.0000e+00
0.8600 0.00000000 0.0000e+00
0.8650 0.00000000 0.0000e+00
0.8700 0.00000000 0.0000e+00
0.8750 0.00000000 0.0000e+00
0.8800 0.00000000 0.0000e+00
0.8850 0.00000000 0.0000e+00
0.8900 0.00000000 0.0000e+00
0.8950 0.00000000 0.0000e+00
0.9000 0.00000000 0.0000e+00
0.9050 0.00000000 0.0000e+00
0.9100 0.00000000 0.0000e+00
0.9150 0.00000000 0.0000e+00
0.9200 0.00000000 0.0000e+00
0.9250 0.00000000 0.0000e+00
0.9300 0.00000000 0.0000e+00
0.9350 0.00000000 0.0000e+00
0.9400 0.00000000 0.0000e+00
0.9450 0.00000000 0.0000e+00
0.9500 0.00000000 0.0000e+00
0.9550 0.00000000 0.0000e+00
0.9600 0.00000000 0.0000e+00
0.9650 0.00000000 0.0000e+00
0.9700 0.00000000 0.0000e+00
0.9750 0.00000000 0.0000e+00
0.9800 0.00000000 0.0000e+00
0.9850 0.00000000 0.0000e+00
0.9900 0.00000000 0.0000e+00
0.9950 0.00000000 0.0000e+00
1.0000 0.00000000 0.0000e+00
1.0050 0.00000000 0.0000e+00
1.0100 0.00000000 0.0000e+00
1.0150 0.00000000 0.0000e+00
1.0200 0.00000000 0.0000e+00
1.0250 0.00000000 0.0000e+00
1.0300 0.00000000 0.0000e+00
1.0350 0.00000000 0.0000e+00
1.0400 0.00000000 0.0000e+00
1.0450 0.00000000 0.0000e+00
1.0500 0.00000000 0.0000e+00
1.0550 0.00000000 0.0000e+00
1.0600 0.00000000 0.0000e+00
1.0650 0.00000000 0.0000e+00
1.0700 0.00000000 0.0000e+00
1.0750 0.00000000 0.0000e+00
1.0800 0.00000000 0.0000e+00
1.0850 0.00000000 0.0000e+00
1.0900 0.00000000 0.0000e+00
1.0950 0.00000000 0.0000e+00
1.1000 0.00000000 0.0000e+00
1.1050 0.00000000 0.0000e+00
1.1100 0.00000000 0.0000e+00
1.1150 0.00000000 0.0000e+00
1.1200 0.00000000 0.0000e+00
1.1250 0.00000000 0.0000e+00
1.1300 0.00000000 0.0000e+00
1.1350 0.00000000 0.0000e+00
1.1400 0.00000000 0.0000e+00
1.1450 0.00000000 0.0000e+00
1.1500 0.00000000 0.0000e+00
1.1550 0.00000000 0.0000e+00
1.1600 0.00000000 0.0000e+00
1.1650 0.00000000 0.0000e+00
1.1700 0.00000000 0.0000e+00
1.1750 0.00000000 0.0000e+00
1.1800 0.00000000 0.0000e+00
1.1850 0.00000000 0.0000e+00
1.1900 0.00000000 0.0000e+00
1.1950 0.00000000 0.0000e+00
1.2000 0.00000000 0.0000e+00
1.2050 0.00000000 0.0000e+00
1.2100 0.00000000 0.0000e+00
1.2150 0.00000000 0.0000e+00
1.2200 0.00000000 0.0000e+00
1.2250 0.00000000 0.0000e+00
1.2300 0.00000000 0.0000e+00
1.2350 0.00000000 0.0000e+00
1.2400 0.00000000 0.0000e+00
1.2450 0.00000000 0.0000e+00
1.2500 0.00000000 0.0000e+00
1.2550 0.00000000 0.0000e+00
1.2600 0.00000000 0.0000e+00
1.2650 0.00000000 0.0000e+00
1.2700 0.00000000 0.0000e+00
1.2750 0.00000000 0.0000e+00
1.2800 0.00000000 0.0000e+00
1.2850 0.00000000 0.0000e+00
1.2900 0.00000000 0.0000e+00
1.2950 0.00000000 0.0000e+00
1.3000 0.00000000 0.0000e+00
1.3050 0.00000000 0.0000e+00
1.3100 0.00000000 0.0000e+00
1.3150 0.00000000 0.0000e+00
1.3200 0.00000000 0.0000e+00
1.3250 0.00000000 0.0000e+00
1.3300 0.00000000 0.0000e+00
1.3350 0.00000000 0.0000e+00
1.3400 0.00000000 0.0000e+00
1.3450 0.00000000 0.0000e+00
1.3500 0.00000000 0.0000e+00
1.3550 0.00000000 0.0000e+00
1.3600 0.00000000 0.0000e+00
1.3650 0.00000000 0.0000e+00
1.3700 0.00000000 0.0000e+00
1.3750 0.00000000 0.0000e+00
1.3800 0.00000000 0.0000e+00
1.3850 0.00000000 0.0000e+00
1.3900 0.00000000 0.0000e+00
1.3950 0.00000000 0.0000e+00
1.4000 0.00000000 0.0000e+00
1.4050 0.00000000 0.0000e+00
1.4100 0.00000000 0.0000e+00
1.4150 0.00000000 0.0000e+00
1.4200 0.00000000 0.0000e+00
1.4250 0.00000000 0.0000e+00
1.4300 0.00000000 0.0000e+00
1.4350 0.00000000 0.0000e+00
1.4400 0.00000000 0.0000e+00
1.4450 0.00000000 0.0000e+00
1.4500 0.00000000 0.0000e+00
1.4550 0.00000000 0.0000e+00
1.4600 0.00000000 0.0000e+00
1.4650 0.00000000 0.0000e+00
1.4700 0.00000000 0.0000e+00
1.4750 0.00000000 0.0000e+00
1.4800 0.00000000 0.0000e+00
1.4850 0.00000000 0.0000e+00
1.4900 0.00000000 0.0000e+00
1.4950 0.00000000 0.0000e+00
1.5000 0.00000000 0.0000e+00
1.5050 0.00000000 0.0000e+00
1.5100 0.00000000 0.0000e+00
1.5150 0.00000000 0.0000e+00
1.5200 0.00000000 0.0000e+00
1.5250 0.00000000 0.0000e+00
1.5300 0.00000000 0.0000e+00
1.5350 0.00000000 0.0000e+00
1.5400 0.00000000 0.0000e+00
1.5450 0.00000000 0.0000e+00
1.5500 0.00000000 0.0000e+00
1.5550 0.00000000 0.0000e+00
1.5600 0.00000000 0.0000e+00
1.5650 0.00000000 0.0000e+00
1.5700 0.00000000 0.0000e+00
1.5750 0.00000000 0.0000e+00
1.5800 0.00000000 0.0000e+00
1.5850 0.00000000 0.0000e+00
1.5900 0.00000000 0.0000e+00
1.5950 0.00000000 0.0000e+00
1.6000 0.00000000 0.0000e+00
1.6050 0.00000000 0.0000e+00
1.6100 0.00000000 0.0000e+00
1.6150 0.00000000 0.0000e+00
1.6200 0.00000000 0.0000e+00
1.6250 0.00000000 0.0000e+00
1.6300 0.00000000 0.0000e+00
1.6350 0.00000000 0.0000e+00
1.6400 0.00000000 0.0000e+00
1.6450 0.00000000 0.0000e+00
1.6500 0.00000000 0.0000e+00
1.6550 0.00000000 0.0000e+00
1.6600 0.00000000 0.0000e+00
1.6650 0.00000000 0.0000e+00
1.6700 0.00000000 0.0000e+00
1.6750 0.00000000 0.0000e+00
1.6800 0.00000000 0.0000e+00
1.6850 0.00000000 0.0000e+00
1.6900 0.00000000 0.0000e+00
1.6950 0.00000000 0.0000e+00
1.7000 0.00000000 0.0000e+00
1.7050 0.00000000 0.0000e+00
1.7100 0.00000000 0.0000e+00
1.7150 0.00000000 0.0000e+00
1.7200 0.00000000 0.0000e+00
1.7250 0.00000000 0.0000e+00
1.7300 0.00000000 0.0000e+00
1.7350 0.00000000 0.0000e+00
1.7400 0.00000000 0.0000e+00
1.7450 0.00000000 0.0000e+00
1.7500 0.00000000 0.0000e+00
1.7550 0.00000000 0.0000e+00
1.7600 0.00000000 0.0000e+00
1.7650 0.00000000 0.0000e+00
1.7700 0.00000000 0.0000e+00
1.7750 0.00000000 0.0000e+00
1.7800 0.00000000 0.0000e+00
1.7850 0.00000000 0.0000e+00
1.7900 0.00000000 0.0000e+00
1.7950 0.00000000 0.0000e+00
1.8000 0.00000000 0.0000e+00
1.8050 0.00000000 0.0000e+00
1.8100 0.00000000 0.0000e+00
1.8150 0.00000000 0.0000e+00
1.8200 0.00000000 0.0000e+00
1.8250 0.00000000 0.0000e+00
1.8300 0.00000000 0.0000e+00
1.8350 0.00000000 0.0000e+00
1.8400 0.00000000 0.0000e+00
1.8450 0.00000000 0.0000e+00
1.8500 0.00000000 0.0000e+00
1.8550 0.00000000 0.0000e+00
1.8600 0.00000000 0.0000e+00
1.8650 0.00000000 0.0000e+00
1.8700 0.00000000 0.0000e+00
1.8750 0.00000000 0.0000e+00
1.8800 0.00000000 0.0000e+00
1.8850 0.00000000 0.0000e+00
1.8900 0.00000000 0.0000e+00
1.8950 0.00000000 0.0000e+00
1.9000 0.00000000 0.0000e+00
1.9050 0.00000000 0.0000e+00
1.9100 0.00000000 0.0000e+00
1.9150 0.00000000 0.0000e+00
1.9200 0.00000000 0.0000e+00
1.9250 0.00000000 0.0000e+00
1.9300 0.00000000 0.0000e+00
1.9350 0.00000000 0.0000e+00
1.9400 0.00000000 0.0000e+00
1.9450 0.00000000 0.0000e+00
1.9500 0.00000000 0.0000e+00
1.9550 0.00000000 0.0000e+00
1.9600 0.00000000 0.0000e+00
1.9650 0.00000000 0.0000e+00
1.9700 0.00000000 0.0000e+00
1.9750 0.00000000 0.0000e+00
1.9800 0.00000000 0.0000e+00
1.9850 0.00000000 0.0000e+00
1.9900 0.00000000 0.0000e+00
1.9950 0.00000000 0.0000e+00
2.0000 0.00000000 0.0000e+00
2.0050 0.00000000 0.0000e+00
2.0100 0.00000000 0.0000e+00
2.0150 0.00000000 0.0000e+00
2.0200 0.00000000 0.0000e+00
2.0250 0.00000000 0.0000e+00
2.0300 0.00000000 0.0000e+00
2.0350 0.00000000 0.0000e+00
2.0400 0.00000000 0.0000e+00
2.0450 0.00000000 0.0000e+00
2.0500 0.00000000 0.0000e+00
2.0550 0.00000000 0.0000e+00
2.0600 0.00000000 0.0000e+00
2.0650 0.00000000 0.0000e+00
2.0700 0.00000000 0.0000e+00
2.0750 0.00000000 0.0000e+00
2.0800 0.00000000 0.0000e+00
2.0850 0.00000000 0.0000e+00
2.0900 0.00000000 0.0000e+00
2.0950 0.00000000 0.0000e+00
2.1000 0.00000000 0.0000e+00
2.1050 0.00000000 0.0000e+00
2.1100 0.00000000 0.0000e+00
2.1150 0.00000000 0.0000e+00
2.1200 0.00000000 0.0000e+00
2.1250 0.00000000 0.0000e+00
2.1300 0.00000000 0.0000e+00
2.1350 0.00000000 0.0000e+00
2.1400 0.00000000 0.0000e+00
2.1450 0.00000000 0.0000e+00
2.1500 0.00000000 0.0000e+00
2.1550 0.00000000 0.0000e+00
2.1600 0.00000000 0.0000e+00
2.1650 0.00000000 0.0000e+00
2.1700 0.00000000 0.0000e+00
2.1750 0.00000000 0.0000e+00
2.1800 0.00000000 0.0000e+00
2.1850 0.00000000 0.0000e+00
2.1900 0.00000000 0.0000e+00
2.1950 0.00000000 0.0000e+00
2.2000 0.00142520 4.1524e+10
2.2050 0.00142671 4.1568e+10
2.2100 0.00142822 4.1612e+10
2.2150 0.00142974 4.1656e+10
2.2200 0.00143125 4.1700e+10
2.2250 0.00143276 4.1744e+10
2.2300 0.00143428 4.1788e+10
2.2350 0.00143579 4.1832e+10
2.2400 0.00143730 4.1876e+10
2.2450 0.00143882 4.1921e+10
2.2500 0.00144033 4.1965e+10
2.2550 0.00144184 4.2009e+10
2.2600 0.00144336 4.2053e+10
2.2650 0.00144487 4.2097e+10
2.2700 0.00144638 4.2141e+10
2.2750 0.00144789 4.2185e+10
2.2800 0.00144941 4.2229e+10
2.2850 0.00145092 4.2273e+10
2.2900 0.00145243 4.2317e+10
2.2950 0.00145395 4.2361e+10
2.3000 0.00145546 4.2406e+10
2.3050 0.00145697 4.2450e+10
2.3100 0.00145849 4.2494e+10
2.3150 0.00146000 4.2538e+10
2.3200 0.00146151 4.2582e+10
2.3250 0.00146303 4.2626e+10
2.3300 0.00146454 4.2670e+10
2.3350 0.00146605 4.2714e+10
2.3400 0.00146756 4.2758e+10
2.3450 0.00146908 4.2802e+10
2.3500 0.00147059 4.2846e+10
2.3550 0.00147210 4.2890e+10
2.3600 0.00147362 4.2935e+10
2.3650 0.00147513 4.2979e+10
2.3700 0.00147664 4.3023e+10
2.3750 0.00147816 4.3067e+10
2.3800 0.00147967 4.3111e+10
2.3850 0.00148118 4.3155e+10
2.3900 0.00148270 4.3199e+10
2.3950 0.00148421 4.3243e+10
2.4000 0.00148572 4.3287e+10
2.4050 0.00148723 4.3331e+10
2.4100 0.00148875 4.3375e+10
2.4150 0.00149026 4.3419e+10
2.4200 0.00149177 4.3464e+10
2.4250 0.00149329 4.3508e+10
2.4300 0.00149480 4.3552e+10
2.4350 0.00149631 4.3596e+10
2.4400 0.00149783 4.3640e+10
2.4450 0.00149934 4.3684e+10
2.4500 0.00150085 4.3728e+10
2.4550 0.00150237 4.3772e+10
2.4600 0.00150388 4.3816e+10
2.4650 0.00150539 4.3860e+10
2.4700 0.00150691 4.3904e+10
2.4750 0.00150842 4.3948e+10
2.4800 0.00150993 4.3993e+10
2.4850 0.00151144 4.4037e+10
2.4900 0.00151296 4.4081e+10
2.4950 0.00151447 4.4125e+10
2.5000 0.00151598 4.4169e+10
2.5050 0.00154579 4.5037e+10
2.5100 0.00157616 4.5922e+10
2.5150 0.00160654 4.6807e+10
2.5200 0.00163691 4.7692e+10
2.5250 0.00166729 4.8577e+10
2.5300 0.00169766 4.9462e+10
2.5350 0.00172804 5.0347e+10
2.5400 0.00175841 5.1232e+10
2.5450 0.00178879 5.2117e+10
2.5500 0.00181916 5.3002e+10
2.5550 0.00184954 5.3887e+10
2.5600 0.00187991 5.4772e+10
2.5650 0.00191029 5.5657e+10
2.5700 0.00194067 5.6542e+10
2.5750 0.00197104 5.7427e+10
2.5800 0.00200142 5.8312e+10
2.5850 0.00203179 5.9197e+10
2.5900 0.00206217 6.0082e+10
2.5950 0.00209254 6.0967e+10
2.6000 0.00212292 6.1852e+10
2.6050 0.00215329 6.2737e+10
2.6100 0.00218367 6.3622e+10
2.6150 0.00221404 6.4507e+10
2.6200 0.00224442 6.5392e+10
2.6250 0.00227479 6.6277e+10
2.6300 0.00230517 6.7162e+10
2.6350 0.00233554 6.8047e+10
2.6400 0.00236592 6.8932e+10
2.6450 0.00239629 6.9817e+10
2.6500 0.00242667 7.0702e+10
2.6550 0.00245704 7.1587e+10
2.6600 0.00248742 7.2472e+10
2.6650 0.00251780 7.3357e+10
2.6700 0.00254817 7.4242e+10
2.6750 0.00257855 7.5127e+10
2.6800 0.00263966 7.6908e+10
2.6850 0.00271038 7.8968e+10
2.6900 0.00278110 8.1029e+10
2.6950 0.00285182 8.3089e+10
2.7000 0.00292253 8.5149e+10
2.7050 0.00299325 8.7210e+10
2.7100 0.00306397 8.9270e+10
2.7150 0.00313469 9.1331e+10
2.7200 0.00320541 9.3391e+10
2.7250 0.00327613 9.5451e+10
2.7300 0.00334685 9.7512e+10
2.7350 0.00341756 9.9572e+10
2.7400 0.00348828 1.0163e+11
2.7450 0.00355900 1.0369e+11
2.7500 0.00362972 1.0575e+11
2.7550 0.00370044 1.0781e+11
2.7600 0.00377116 1.0987e+11
2.7650 0.00384188 1.1193e+11
2.7700 0.00391259 1.1400e+11
2.7750 0.00398331 1.1606e+11
2.7800 0.00405403 1.1812e+11
2.7850 0.00412475 1.2018e+11
2.7900 0.00419547 1.2224e+11
2.7950 0.00426619 1.2430e+11
2.8000 0.00433691 1.2636e+11
2.8050 0.00444263 1.2944e+11
2.8100 0.00455856 1.3282e+11
2.8150 0.00467449 1.3619e+11
2.8200 0.00479043 1.3957e+11
2.8250 0.00490636 1.4295e+11
2.8300 0.00502229 1.4633e+11
2.8350 0.00513823 1.4970e+11
2.8400 0.00525416 1.5308e+11
2.8450 0.00537009 1.5646e+11
2.8500 0.00548603 1.5984e+11
2.8550 0.00560196 1.6322e+11
2.8600 0.00571789 1.6659e+11
2.8650 0.00583382 1.6997e+11
2.8700 0.00594976 1.7335e+11
2.8750 0.00606569 1.7673e+11
2.8800 0.00618162 1.8010e+11
2.8850 0.00629756 1.8348e+11
2.8900 0.00641349 1.8686e+11
2.8950 0.00652942 1.9024e+11
2.9000 0.00666467 1.9418e+11
2.9050 0.00682986 1.9899e+11
2.9100 0.00699506 2.0380e+11
2.9150 0.00716025 2.0862e+11
2.9200 0.00732544 2.1343e+11
2.9250 0.00749063 2.1824e+11
2.9300 0.00765582 2.2306e+11
2.9350 0.00782102 2.2787e+11
2.9400 0.00798621 2.3268e+11
2.9450 0.00815140 2.3749e+11
2.9500 0.00831659 2.4231e+11
2.9550 0.00848178 2.4712e+11
2.9600 0.00864697 2.5193e+11
2.9650 0.00881217 2.5675e+11
2.9700 0.00897736 2.6156e+11
2.9750 0.00914255 2.6637e+11
2.9800 0.00933772 2.7206e+11
2.9850 0.00955684 2.7844e+11
2.9900 0.00977597 2.8483e+11
2.9950 0.00999509 2.9121e+11
3.0000 0.01021421 2.9760e+11
3.0050 0.01043333 3.0398e+11
3.0100 0.01065246 3.1036e+11
3.0150 0.01087158 3.1675e+11
3.0200 0.01109070 3.2313e+11
3.0250 0.01130982 3.2952e+11
3.0300 0.01152895 3.3590e+11
3.0350 0.01174807 3.4229e+11
3.0400 0.01196719 3.4867e+11
3.0450 0.01219716 3.5537e+11
3.0500 0.01248138 3.6365e+11
3.0550 0.01276561 3.7193e+11
3.0600 0.01304983 3.8021e+11
3.0650 0.01333406 3.8849e+11
3.0700 0.01361829 3.9678e+11
3.0750 0.01390251 4.0506e+11
3.0800 0.01418674 4.1334e+11
3.0850 0.01447096 4.2162e+11
3.0900 0.01475519 4.2990e+11
3.0950 0.01503942 4.3818e+11
3.1000 0.01532364 4.4646e+11
3.1050 0.01564611 4.5586e+11
3.1100 0.01599763 4.6610e+11
3.1150 0.01634916 4.7634e+11
3.1200 0.01670069 4.8658e+11
3.1250 0.01705222 4.9682e+11
3.1300 0.01740375 5.0707e+11
3.1350 0.01775528 5.1731e+11
3.1400 0.01810681 5.2755e+11
3.1450 0.01845833 5.3779e+11
3.1500 0.01880986 5.4803e+11
3.1550 0.01918271 5.5890e+11
3.1600 0.01959738 5.7098e+11
3.1650 0.02001204 5.8306e+11
3.1700 0.02042671 5.9514e+11
3.1750 0.02084137 6.0722e+11
3.1800 0.02125604 6.1930e+11
3.1850 0.02167070 6.3139e+11
3.1900 0.02208537 6.4347e+11
3.1950 0.02250003 6.5555e+11
3.2000 0.02293087 6.6810e+11
3.2050 0.02343239 6.8271e+11
3.2100 0.02393391 6.9733e+11
3.2150 0.02443543 7.1194e+11
3.2200 0.02493695 7.2655e+11
3.2250 0.02543847 7.4116e+11
3.2300 0.02594000 7.5577e+11
3.2350 0.02644152 7.7039e+11
3.2400 0.02694304 7.8500e+11
3.2450 0.02748494 8.0079e+11
3.2500 0.02803094 8.1669e+11
3.2550 0.02857695 8.3260e+11
3.2600 0.02912296 8.4851e+11
3.2650 0.02966896 8.6442e+11
3.2700 0.03021497 8.8033e+11
3.2750 0.03076098 8.9624e+11
3.2800 0.03134564 9.1327e+11
3.2850 0.03200211 9.3240e+11
3.2900 0.03265859 9.5152e+11
3.2950 0.03331507 9.7065e+11
3.3000 0.03397154 9.8978e+11
3.3050 0.03462802 1.0089e+12
3.3100 0.03528449 1.0280e+12
3.3150 0.03596533 1.0479e+12
3.3200 0.03668309 1.0688e+12
3.3250 0.03740084 1.0897e+12
3.3300 0.03811860 1.1106e+12
3.3350 0.03883635 1.1315e+12
3.3400 0.03955411 1.1524e+12
3.3450 0.04027187 1.1733e+12
3.3500 0.04107635 1.1968e+12
3.3550 0.04188439 1.2203e+12
3.3600 0.04269243 1.2439e+12
3.3650 0.04350047 1.2674e+12
3.3700 0.04430851 1.2909e+12
3.3750 0.04511656 1.3145e+12
3.3800 0.04601194 1.3406e+12
3.3850 0.04691023 1.3668e+12
3.3900 0.04780851 1.3929e+12
3.3950 0.04870679 1.4191e+12
3.4000 0.04960507 1.4453e+12
3.4050 0.05053159 1.4723e+12
3.4100 0.05150784 1.5007e+12
3.4150 0.05248409 1.5291e+12
3.4200 0.05346034 1.5576e+12
3.4250 0.05443659 1.5860e+12
3.4300 0.05541659 1.6146e+12
3.4350 0.05643178 1.6442e+12
3.4400 0.05744697 1.6737e+12
3.4450 0.05846216 1.7033e+12
3.4500 0.05947734 1.7329e+12
3.4550 0.06050149 1.7627e+12
3.4600 0.06158471 1.7943e+12
3.4650 0.06266793 1.8259e+12
3.4700 0.06375115 1.8574e+12
3.4750 0.06483437 1.8890e+12
3.4800 0.06595343 1.9216e+12
3.4850 0.06711895 1.9555e+12
3.4900 0.06828447 1.9895e+12
3.4950 0.06945000 2.0235e+12
3.5000 0.07061552 2.0574e+12
3.5050 0.07198693 2.0974e+12
3.5100 0.07336250 2.1375e+12
3.5150 0.07473808 2.1775e+12
3.5200 0.07611366 2.2176e+12
3.5250 0.07745272 2.2566e+12
3.5300 0.07877911 2.2953e+12
3.5350 0.08010550 2.3339e+12
3.5400 0.08143189 2.3726e+12
3.5450 0.08280819 2.4127e+12
3.5500 0.08420573 2.4534e+12
3.5550 0.08560326 2.4941e+12
3.5600 0.08700079 2.5348e+12
3.5650 0.08850923 2.5788e+12
3.5700 0.09003871 2.6233e+12
3.5750 0.09156819 2.6679e+12
3.5800 0.09311141 2.7128e+12
3.5850 0.09473642 2.7602e+12
3.5900 0.09636143 2.8075e+12
3.5950 0.09798644 2.8549e+12
3.6000 0.09966215 2.9037e+12
3.6050 0.10137193 2.9535e+12
3.6100 0.10308170 3.0033e+12
3.6150 0.10478703 3.0530e+12
3.6200 0.10647358 3.1022e+12
3.6250 0.10816013 3.1513e+12
3.6300 0.10984668 3.2004e+12
3.6350 0.11166873 3.2535e+12
3.6400 0.11350363 3.3070e+12
3.6450 0.11533853 3.3604e+12
3.6500 0.11739626 3.4204e+12
3.6550 0.11952646 3.4825e+12
3.6600 0.12165667 3.5445e+12
3.6650 0.12363126 3.6021e+12
3.6700 0.12554123 3.6577e+12
3.6750 0.12745119 3.7134e+12
3.6800 0.12940984 3.7704e+12
3.6850 0.13138370 3.8279e+12
3.6900 0.13335756 3.8854e+12
3.6950 0.13525186 3.9406e+12
3.7000 0.13713865 3.9956e+12
3.7050 0.13906599 4.0518e+12
3.7100 0.14121245 4.1143e+12
3.7150 0.14335890 4.1768e+12
3.7200 0.14560249 4.2422e+12
3.7250 0.14794990 4.3106e+12
3.7300 0.15029731 4.3790e+12
3.7350 0.15294746 4.4562e+12
3.7400 0.15563488 4.5345e+12
3.7450 0.15799523 4.6033e+12
3.7500 0.15980474 4.6560e+12
3.7550 0.16161425 4.7087e+12
3.7600 0.16388917 4.7750e+12
3.7650 0.16620147 4.8424e+12
3.7700 0.16863407 4.9132e+12
3.7750 0.17116678 4.9870e+12
3.7800 0.17370408 5.0609e+12
3.7850 0.17625683 5.1353e+12
3.7900 0.17880957 5.2097e+12
3.7950 0.18208822 5.3052e+12
3.8000 0.18538683 5.4013e+12
3.8050 0.18714739 5.4526e+12
3.8100 0.18845929 5.4908e+12
3.8150 0.19148486 5.5790e+12
3.8200 0.19551952 5.6966e+12
3.8250 0.19868541 5.7888e+12
3.8300 0.20110015 5.8591e+12
3.8350 0.20359924 5.9320e+12
3.8400 0.20618528 6.0073e+12
3.8450 0.20905348 6.0909e+12
3.8500 0.21220883 6.1828e+12
3.8550 0.21509535 6.2669e+12
3.8600 0.21775622 6.3444e+12
3.8650 0.22053390 6.4254e+12
3.8700 0.22337883 6.5082e+12
3.8750 0.22660030 6.6021e+12
3.8800 0.22993643 6.6993e+12
3.8850 0.23320354 6.7945e+12
3.8900 0.23622532 6.8825e+12
3.8950 0.23784939 6.9299e+12
3.9000 0.24036757 7.0032e+12
3.9050 0.24427159 7.1170e+12
3.9100 0.24828882 7.2340e+12
3.9150 0.25236127 7.3527e+12
3.9200 0.25433038 7.4100e+12
3.9250 0.25700073 7.4878e+12
3.9300 0.26115108 7.6088e+12
3.9350 0.26475551 7.7138e+12
3.9400 0.26813676 7.8123e+12
3.9450 0.27153832 7.9114e+12
3.9500 0.27552900 8.0277e+12
3.9550 0.27996971 8.1570e+12
3.9600 0.28133720 8.1969e+12
3.9650 0.28394474 8.2729e+12
3.9700 0.28779839 8.3851e+12
3.9750 0.29220543 8.5135e+12
3.9800 0.29574724 8.6167e+12
3.9850 0.29860588 8.7000e+12
3.9900 0.30152331 8.7850e+12
3.9950 0.30524744 8.8935e+12
4.0000 0.30913667 9.0068e+12
4.0050 0.31266594 9.1097e+12
4.0100 0.31537402 9.1886e+12
4.0150 0.31815583 9.2696e+12
4.0200 0.32196877 9.3807e+12
4.0250 0.32826812 9.5642e+12
4.0300 0.33100919 9.6441e+12
4.0350 0.33470110 9.7517e+12
4.0400 0.33889464 9.8739e+12
4.0450 0.34289093 9.9903e+12
4.0500 0.34579861 1.0075e+13
4.0550 0.35040328 1.0209e+13
4.0600 0.35381741 1.0309e+13
4.0650 0.35743995 1.0414e+13
4.0700 0.36148829 1.0532e+13
4.0750 0.36499576 1.0634e+13
4.0800 0.36813985 1.0726e+13
4.0850 0.37350238 1.0882e+13
4.0900 0.37576876 1.0948e+13
4.0950 0.38009133 1.1074e+13
4.1000 0.38310371 1.1162e+13
4.1050 0.38718182 1.1281e+13
4.1100 0.39171190 1.1413e+13
4.1150 0.39631894 1.1547e+13
4.1200 0.40089876 1.1680e+13
4.1250 0.40305084 1.1743e+13
4.1300 0.40752625 1.1873e+13
4.1350 0.41294801 1.2031e+13
4.1400 0.41655949 1.2137e+13
4.1450 0.42363239 1.2343e+13
4.1500 0.42574707 1.2404e+13
4.1550 0.42926206 1.2507e+13
4.1600 0.43439891 1.2656e+13
4.1650 0.43932856 1.2800e+13
4.1700 0.44254331 1.2894e+13
4.1750 0.44866802 1.3072e+13
4.1800 0.45180093 1.3163e+13
4.1850 0.45406795 1.3229e+13
4.1900 0.46003017 1.3403e+13
4.1950 0.46527794 1.3556e+13
4.2000 0.46777987 1.3629e+13
4.2050 0.47367085 1.3801e+13
4.2100 0.47938288 1.3967e+13
4.2150 0.48453171 1.4117e+13
4.2200 0.48479156 1.4125e+13
4.2250 0.49283967 1.4359e+13
4.2300 0.49543889 1.4435e+13
4.2350 0.50216806 1.4631e+13
4.2400 0.50459224 1.4702e+13
4.2450 0.50850783 1.4816e+13
4.2500 0.51186184 1.4913e+13
4.2550 0.51666709 1.5053e+13
4.2600 0.52232178 1.5218e+13
4.2650 0.52527985 1.5304e+13
4.2700 0.52683379 1.5350e+13
4.2750 0.53568664 1.5607e+13
4.2800 0.54058314 1.5750e+13
4.2850 0.54249642 1.5806e+13
4.2900 0.54708082 1.5939e+13
4.2950 0.55437212 1.6152e+13
4.3000 0.55730743 1.6237e+13
4.3050 0.55816998 1.6263e+13
4.3100 0.56348557 1.6417e+13
4.3150 0.56776252 1.6542e+13
4.3200 0.56606957 1.6493e+13
4.3250 0.57868757 1.6860e+13
4.3300 0.58161619 1.6946e+13
4.3350 0.58515263 1.7049e+13
4.3400 0.58887669 1.7157e+13
4.3450 0.59412514 1.7310e+13
4.3500 0.59679445 1.7388e+13
4.3550 0.59890462 1.7449e+13
4.3600 0.61382406 1.7884e+13
4.3650 0.61393173 1.7887e+13
4.3700 0.61475855 1.7911e+13
4.3750 0.61768942 1.7997e+13
4.3800 0.62550490 1.8224e+13
4.3850 0.63378380 1.8466e+13
4.3900 0.63631678 1.8539e+13
4.3950 0.63720189 1.8565e+13
4.4000 0.64510282 1.8795e+13
4.4050 0.65354660 1.9041e+13
4.4100 0.65471227 1.9075e+13
4.4150 0.65976012 1.9222e+13
4.4200 0.66267172 1.9307e+13
4.4250 0.66799651 1.9462e+13
4.4300 0.67428457 1.9646e+13
4.4350 0.67372285 1.9629e+13
4.4400 0.68282143 1.9894e+13
4.4450 0.68272790 1.9892e+13
4.4500 0.68805064 2.0047e+13
4.4550 0.70317092 2.0487e+13
4.4600 0.69873557 2.0358e+13
4.4650 0.70940673 2.0669e+13
4.4700 0.70431615 2.0521e+13
4.4750 0.71281559 2.0768e+13
4.4800 0.71825005 2.0927e+13
4.4850 0.72013279 2.0981e+13
4.4900 0.72338531 2.1076e+13
4.4950 0.73329908 2.1365e+13
4.5000 0.73249729 2.1342e+13
4.5050 0.73717214 2.1478e+13
4.5100 0.74699613 2.1764e+13
4.5150 0.74697901 2.1764e+13
4.5200 0.74818680 2.1799e+13
4.5250 0.75769251 2.2076e+13
4.5300 0.76535812 2.2299e+13
4.5350 0.76682701 2.2342e+13
4.5400 0.77268380 2.2513e+13
4.5450 0.77195573 2.2491e+13
4.5500 0.78659660 2.2918e+13
4.5550 0.78592720 2.2898e+13
4.5600 0.78348548 2.2827e+13
4.5650 0.79623402 2.3199e+13
4.5700 0.81115036 2.3633e+13
4.5750 0.81640944 2.3786e+13
4.5800 0.81921208 2.3868e+13
4.5850 0.83290554 2.4267e+13
4.5900 0.86998786 2.5348e+13
4.5950 0.88274506 2.5719e+13
4.6000 0.92174554 2.6855e+13
4.6050 0.97958625 2.8541e+13
4.6100 1.05610149 3.0770e+13
4.6150 1.14046607 3.3228e+13
4.6200 1.26323199 3.6805e+13
4.6250 1.39237837 4.0568e+13
4.6300 1.54390435 4.4982e+13
4.6350 1.71660673 5.0014e+13
4.6400 1.90832163 5.5600e+13
4.6450 2.07715601 6.0519e+13
4.6500 2.22317930 6.4773e+13
4.6550 2.35598520 6.8643e+13
4.6600 2.44430318 7.1216e+13
4.6650 2.54238336 7.4074e+13
4.6700 2.56269933 7.4665e+13
4.6750 2.56806775 7.4822e+13
4.6800 2.48601180 7.2431e+13
4.6850 2.42751553 7.0727e+13
4.6900 2.30207347 6.7072e+13
4.6950 2.18565276 6.3680e+13
4.7000 2.07273046 6.0390e+13
4.7050 1.97557583 5.7559e+13
4.7100 1.87686270 5.4683e+13
4.7150 1.76148758 5.1322e+13
4.7200 1.69806521 4.9474e+13
4.7250 1.60524381 4.6770e+13
4.7300 1.52775437 4.4512e+13
4.7350 1.44459570 4.2089e+13
4.7400 1.38833236 4.0450e+13
4.7450 1.35504554 3.9480e+13
4.7500 1.28914404 3.7560e+13
4.7550 1.25349174 3.6521e+13
4.7600 1.18216120 3.4443e+13
4.7650 1.16218418 3.3861e+13
4.7700 1.11891864 3.2600e+13
4.7750 1.07808292 3.1410e+13
4.7800 1.06058069 3.0901e+13
4.7850 1.02953153 2.9996e+13
4.7900 0.99110180 2.8876e+13
4.7950 0.97640736 2.8448e+13
4.8000 0.92491126 2.6948e+13
4.8050 0.92622299 2.6986e+13
4.8100 0.87735883 2.5562e+13
4.8150 0.87586605 2.5519e+13
4.8200 0.84420162 2.4596e+13
4.8250 0.83339327 2.4281e+13
4.8300 0.80993391 2.3598e+13
4.8350 0.79721683 2.3227e+13
4.8400 0.76576256 2.2311e+13
4.8450 0.76343030 2.2243e+13
4.8500 0.73745124 2.1486e+13
4.8550 0.72668499 2.1172e+13
4.8600 0.71808576 2.0922e+13
4.8650 0.69692141 2.0305e+13
4.8700 0.68910758 2.0077e+13
4.8750 0.68131696 1.9850e+13
4.8800 0.65073545 1.8959e+13
4.8850 0.65496171 1.9083e+13
4.8900 0.64804984 1.8881e+13
4.8950 0.63514773 1.8505e+13
4.9000 0.64082957 1.8671e+13
4.9050 0.59459291 1.7324e+13
4.9100 0.63115511 1.8389e+13
4.9150 0.63374375 1.8464e+13
4.9200 0.66476513 1.9368e+13
4.9250 0.69253366 2.0177e+13
4.9300 0.73516688 2.1419e+13
4.9350 0.78867601 2.2978e+13
4.9400 0.89157891 2.5977e+13
4.9450 0.95187778 2.7733e+13
4.9500 1.05003891 3.0593e+13
4.9550 1.13158698 3.2969e+13
4.9600 1.16319136 3.3890e+13
4.9650 1.15782264 3.3734e+13
4.9700 1.16329241 3.3893e+13
4.9750 1.10414601 3.2170e+13
4.9800 0.98553889 2.8714e+13
4.9850 0.92188028 2.6859e+13
4.9900 0.80739427 2.3524e+13
4.9950 0.73024416 2.1276e+13
5.0000 0.65740493 1.9154e+13
5.0050 0.62672412 1.8260e+13
5.0100 0.55651407 1.6214e+13
5.0150 0.52700958 1.5355e+13
5.0200 0.47610427 1.3872e+13
5.0250 0.45082524 1.3135e+13
5.0300 0.42991493 1.2526e+13
5.0350 0.39388203 1.1476e+13
5.0400 0.36584453 1.0659e+13
5.0450 0.35554973 1.0359e+13
5.0500 0.31559326 9.1950e+12
5.0550 0.30739344 8.9561e+12
5.0600 0.29649573 8.6385e+12
5.0650 0.28311065 8.2486e+12
5.0700 0.26097655 7.6037e+12
5.0750 0.26680142 7.7734e+12
5.0800 0.24551139 7.1531e+12
5.0850 0.22353000 6.5127e+12
5.0900 0.26107537 7.6066e+12
5.0950 0.23623761 6.8829e+12
5.1000 0.24301441 7.0803e+12
5.1050 0.23336743 6.7993e+12
5.1100 0.23913568 6.9673e+12
5.1150 0.27615688 8.0460e+12
5.1200 0.28199314 8.2160e+12
5.1250 0.30447888 8.8711e+12
5.1300 0.29445965 8.5792e+12
5.1350 0.33069468 9.6349e+12
5.1400 0.31609100 9.2095e+12
5.1450 0.30377215 8.8505e+12
5.1500 0.27808928 8.1023e+12
5.1550 0.22759534 6.6311e+12
5.1600 0.20150431 5.8709e+12
5.1650 0.17449767 5.0841e+12
5.1700 0.15500570 4.5162e+12
5.1750 0.13272469 3.8670e+12
5.1800 0.14297193 4.1656e+12
5.1850 0.10983104 3.2000e+12
5.1900 0.09798012 2.8547e+12
5.1950 0.10737444 3.1284e+12
5.2000 0.09767340 2.8458e+12
5.2050 0.09352003 2.7247e+12
5.2100 0.09052254 2.6374e+12
5.2150 0.07516420 2.1899e+12
5.2200 0.06250551 1.8211e+12
5.2250 0.06787034 1.9774e+12
5.2300 0.06568531 1.9138e+12
5.2350 0.05672391 1.6527e+12
5.2400 0.05443848 1.5861e+12
5.2450 0.07201191 2.0981e+12
5.2500 0.07032168 2.0489e+12
5.2550 0.07812302 2.2762e+12
5.2600 0.07424098 2.1630e+12
5.2650 0.06041654 1.7603e+12
5.2700 0.06863878 1.9998e+12
5.2750 0.06377195 1.8580e+12
5.2800 0.04809985 1.4014e+12
5.2850 0.04993876 1.4550e+12
5.2900 0.03120614 9.0921e+11
5.2950 0.02017703 5.8787e+11
5.3000 0.02373853 6.9163e+11
5.3050 0.02229224 6.4949e+11
5.3100 0.01726674 5.0307e+11
5.3150 0.02185312 6.3670e+11
5.3200 0.02457554 7.1602e+11
5.3250 0.01510276 4.4003e+11
5.3300 0.01546463 4.5057e+11
5.3350 0.00963229 2.8064e+11
5.3400 0.01036143 3.0189e+11
5.3450 0.01756132 5.1166e+11
5.3500 0.01379501 4.0192e+11
5.3550 0.01915060 5.5796e+11
5.3600 0.01485829 4.3290e+11
5.3650 0.02095848 6.1064e+11
5.3700 0.01102781 3.2130e+11
5.3750 0.00513604 1.4964e+11
5.3800 0.00630252 1.8363e+11
5.3850 0.00630289 1.8364e+11
5.3900 0.00471485 1.3737e+11
5.3950 0.00423261 1.2332e+11
5.4000 0.00369453 1.0764e+11
5.4050 0.00525457 1.5309e+11
5.4100 0.00680298 1.9821e+11
5.4150 0.00464097 1.3522e+11
5.4200 0.00474906 1.3837e+11
5.4250 0.00242984 7.0795e+10
5.4300 0.00304054 8.8588e+10
5.4350 0.00254436 7.4131e+10
5.4400 0.00451665 1.3159e+11
5.4450 0.00266427 7.7625e+10
5.4500 0.00272634 7.9433e+10
5.4550 0.00278984 8.1283e+10
5.4600 0.00285482 8.3176e+10
5.4650 0.00292133 8.5114e+10
5.4700 0.00570517 1.6622e+11
5.4750 0.00305900 8.9125e+10
5.4800 0.00313025 9.1201e+10
5.4850 0.00320334 9.3331e+10
5.4900 0.00626230 1.8246e+11
5.4950 0.00335414 9.7724e+10
5.5000 0.00343226 1.0000e+11
5.5050 0.00351228 1.0233e+11
5.5100 0.00359406 1.0471e+11
5.5150 0.00367783 1.0716e+11
5.5200 0.00376342 1.0965e+11
5.5250 0.00385134 1.1221e+11
5.5300 0.00394074 1.1482e+11
5.5350 0.00403267 1.1749e+11
5.5400 0.00412648 1.2023e+11
5.5450 0.00422305 1.2304e+11
5.5500 0.00432174 1.2592e+11
5.5550 0.00442179 1.2883e+11
5.5600 0.00452480 1.3183e+11
5.5650 0.00463232 1.3496e+11
5.5700 0.00474175 1.3815e+11
5.5750 0.00485117 1.4134e+11
5.5800 0.00000000 0.0000e+00
5.5850 0.00000000 0.0000e+00
5.5900 0.00000000 0.0000e+00
5.5950 0.00000000 0.0000e+00
5.6000 0.00000000 0.0000e+00
5.6050 0.00000000 0.0000e+00
5.6100 0.00000000 0.0000e+00
5.6150 0.00000000 0.0000e+00
5.6200 0.00000000 0.0000e+00
5.6250 0.00000000 0.0000e+00
5.6300 0.00000000 0.0000e+00
5.6350 0.00000000 0.0000e+00
5.6400 0.00000000 0.0000e+00
5.6450 0.00000000 0.0000e+00
5.6500 0.00000000 0.0000e+00
5.6550 0.00000000 0.0000e+00
5.6600 0.00000000 0.0000e+00
5.6650 0.00000000 0.0000e+00
5.6700 0.00000000 0.0000e+00
5.6750 0.00000000 0.0000e+00
5.6800 0.00000000 0.0000e+00
5.6850 0.00000000 0.0000e+00
5.6900 0.00000000 0.0000e+00
5.6950 0.00000000 0.0000e+00
5.7000 0.00000000 0.0000e+00
5.7050 0.00000000 0.0000e+00
5.7100 0.00000000 0.0000e+00
5.7150 0.00000000 0.0000e+00
5.7200 0.00000000 0.0000e+00
5.7250 0.00000000 0.0000e+00
5.7300 0.00000000 0.0000e+00
5.7350 0.00000000 0.0000e+00
5.7400 0.00000000 0.0000e+00
5.7450 0.00000000 0.0000e+00
5.7500 0.00000000 0.0000e+00
5.7550 0.00000000 0.0000e+00
5.7600 0.00000000 0.0000e+00
5.7650 0.00000000 0.0000e+00
5.7700 0.00000000 0.0000e+00
5.7750 0.00000000 0.0000e+00
5.7800 0.00000000 0.0000e+00
5.7850 0.00000000 0.0000e+00
5.7900 0.00000000 0.0000e+00
5.7950 0.00000000 0.0000e+00
5.8000 0.00000000 0.0000e+00
5.8050 0.00000000 0.0000e+00
5.8100 0.00000000 0.0000e+00
5.8150 0.00000000 0.0000e+00
5.8200 0.00000000 0.0000e+00
5.8250 0.00000000 0.0000e+00
5.8300 0.00000000 0.0000e+00
5.8350 0.00000000 0.0000e+00
5.8400 0.00000000 0.0000e+00
5.8450 0.00000000 0.0000e+00
5.8500 0.00000000 0.0000e+00
5.8550 0.00000000 0.0000e+00
5.8600 0.00000000 0.0000e+00
5.8650 0.00000000 0.0000e+00
5.8700 0.00000000 0.0000e+00
5.8750 0.00000000 0.0000e+00
5.8800 0.00000000 0.0000e+00
5.8850 0.00000000 0.0000e+00
5.8900 0.00000000 0.0000e+00
5.8950 0.00000000 0.0000e+00
5.9000 0.00000000 0.0000e+00
5.9050 0.00000000 0.0000e+00
5.9100 0.00000000 0.0000e+00
5.9150 0.00000000 0.0000e+00
5.9200 0.00000000 0.0000e+00
5.9250 0.00000000 0.0000e+00
5.9300 0.00000000 0.0000e+00
5.9350 0.00000000 0.0000e+00
5.9400 0.00000000 0.0000e+00
5.9450 0.00000000 0.0000e+00
5.9500 0.00000000 0.0000e+00
5.9550 0.00000000 0.0000e+00
5.9600 0.00000000 0.0000e+00
5.9650 0.00000000 0.0000e+00
5.9700 0.00000000 0.0000e+00
5.9750 0.00000000 0.0000e+00
5.9800 0.00000000 0.0000e+00
5.9850 0.00000000 0.0000e+00
5.9900 0.00000000 0.0000e+00
5.9950 0.00000000 0.0000e+00
6.0000 0.00000000 0.0000e+00
6.0050 0.00000000 0.0000e+00
6.0100 0.00000000 0.0000e+00
6.0150 0.00000000 0.0000e+00
6.0200 0.00000000 0.0000e+00
6.0250 0.00000000 0.0000e+00
6.0300 0.00000000 0.0000e+00
6.0350 0.00000000 0.0000e+00
6.0400 0.00000000 0.0000e+00
6.0450 0.00000000 0.0000e+00
6.0500 0.00000000 0.0000e+00
6.0550 0.00000000 0.0000e+00
6.0600 0.00000000 0.0000e+00
6.0650 0.00000000 0.0000e+00
6.0700 0.00000000 0.0000e+00
6.0750 0.00000000 0.0000e+00
6.0800 0.00000000 0.0000e+00
6.0850 0.00000000 0.0000e+00
6.0900 0.00000000 0.0000e+00
6.0950 0.00000000 0.0000e+00
6.1000 0.00000000 0.0000e+00
6.1050 0.00000000 0.0000e+00
6.1100 0.00000000 0.0000e+00
6.1150 0.00000000 0.0000e+00
6.1200 0.00000000 0.0000e+00
6.1250 0.00000000 0.0000e+00
6.1300 0.00000000 0.0000e+00
6.1350 0.00000000 0.0000e+00
6.1400 0.00000000 0.0000e+00
6.1450 0.00000000 0.0000e+00
6.1500 0.00000000 0.0000e+00
6.1550 0.00000000 0.0000e+00
6.1600 0.00000000 0.0000e+00
6.1650 0.00000000 0.0000e+00
6.1700 0.00000000 0.0000e+00
6.1750 0.00000000 0.0000e+00
6.1800 0.00000000 0.0000e+00
6.1850 0.00000000 0.0000e+00
6.1900 0.00000000 0.0000e+00
6.1950 0.00000000 0.0000e+00
6.2000 0.00000000 0.0000e+00
6.2050 0.00000000 0.0000e+00
6.2100 0.00000000 0.0000e+00
6.2150 0.00000000 0.0000e+00
6.2200 0.00000000 0.0000e+00
6.2250 0.00000000 0.0000e+00
6.2300 0.00000000 0.0000e+00
6.2350 0.00000000 0.0000e+00
6.2400 0.00000000 0.0000e+00
6.2450 0.00000000 0.0000e+00
6.2500 0.00000000 0.0000e+00
6.2550 0.00000000 0.0000e+00
6.2600 0.00000000 0.0000e+00
6.2650 0.00000000 0.0000e+00
6.2700 0.00000000 0.0000e+00
6.2750 0.00000000 0.0000e+00
6.2800 0.00000000 0.0000e+00
6.2850 0.00000000 0.0000e+00
6.2900 0.00000000 0.0000e+00
6.2950 0.00000000 0.0000e+00
6.3000 0.00000000 0.0000e+00
6.3050 0.00000000 0.0000e+00
6.3100 0.00000000 0.0000e+00
6.3150 0.00000000 0.0000e+00
6.3200 0.00000000 0.0000e+00
6.3250 0.00000000 0.0000e+00
6.3300 0.00000000 0.0000e+00
6.3350 0.00000000 0.0000e+00
6.3400 0.00000000 0.0000e+00
6.3450 0.00000000 0.0000e+00
6.3500 0.00000000 0.0000e+00
6.3550 0.00000000 0.0000e+00
6.3600 0.00000000 0.0000e+00
6.3650 0.00000000 0.0000e+00
6.3700 0.00000000 0.0000e+00
6.3750 0.00000000 0.0000e+00
6.3800 0.00000000 0.0000e+00
6.3850 0.00000000 0.0000e+00
6.3900 0.00000000 0.0000e+00
6.3950 0.00000000 0.0000e+00
6.4000 0.00000000 0.0000e+00
6.4050 0.00000000 0.0000e+00
6.4100 0.00000000 0.0000e+00
6.4150 0.00000000 0.0000e+00
6.4200 0.00000000 0.0000e+00
6.4250 0.00000000 0.0000e+00
6.4300 0.00000000 0.0000e+00
6.4350 0.00000000 0.0000e+00
6.4400 0.00000000 0.0000e+00
6.4450 0.00000000 0.0000e+00
6.4500 0.00000000 0.0000e+00
6.4550 0.00000000 0.0000e+00
6.4600 0.00000000 0.0000e+00
6.4650 0.00000000 0.0000e+00
6.4700 0.00000000 0.0000e+00
6.4750 0.00000000 0.0000e+00
6.4800 0.00000000 0.0000e+00
6.4850 0.00000000 0.0000e+00
6.4900 0.00000000 0.0000e+00
6.4950 0.00000000 0.0000e+00
6.5000 0.00000000 0.0000e+00
6.5050 0.00000000 0.0000e+00
6.5100 0.00000000 0.0000e+00
6.5150 0.00000000 0.0000e+00
6.5200 0.00000000 0.0000e+00
6.5250 0.00000000 0.0000e+00
6.5300 0.00000000 0.0000e+00
6.5350 0.00000000 0.0000e+00
6.5400 0.00000000 0.0000e+00
6.5450 0.00000000 0.0000e+00
6.5500 0.00000000 0.0000e+00
6.5550 0.00000000 0.0000e+00
6.5600 0.00000000 0.0000e+00
6.5650 0.00000000 0.0000e+00
6.5700 0.00000000 0.0000e+00
6.5750 0.00000000 0.0000e+00
6.5800 0.00000000 0.0000e+00
6.5850 0.00000000 0.0000e+00
6.5900 0.00000000 0.0000e+00
6.5950 0.00000000 0.0000e+00
6.6000 0.00000000 0.0000e+00
6.6050 0.00000000 0.0000e+00
6.6100 0.00000000 0.0000e+00
6.6150 0.00000000 0.0000e+00
6.6200 0.00000000 0.0000e+00
6.6250 0.00000000 0.0000e+00
6.6300 0.00000000 0.0000e+00
6.6350 0.00000000 0.0000e+00
6.6400 0.00000000 0.0000e+00
6.6450 0.00000000 0.0000e+00
6.6500 0.00000000 0.0000e+00
6.6550 0.00000000 0.0000e+00
6.6600 0.00000000 0.0000e+00
6.6650 0.00000000 0.0000e+00
6.6700 0.00000000 0.0000e+00
6.6750 0.00000000 0.0000e+00
6.6800 0.00000000 0.0000e+00
6.6850 0.00000000 0.0000e+00
6.6900 0.00000000 0.0000e+00
6.6950 0.00000000 0.0000e+00
6.7000 0.00000000 0.0000e+00
6.7050 0.00000000 0.0000e+00
6.7100 0.00000000 0.0000e+00
6.7150 0.00000000 0.0000e+00
6.7200 0.00000000 0.0000e+00
6.7250 0.00000000 0.0000e+00
6.7300 0.00000000 0.0000e+00
6.7350 0.00000000 0.0000e+00
6.7400 0.00000000 0.0000e+00
6.7450 0.00000000 0.0000e+00
6.7500 0.00000000 0.0000e+00
6.7550 0.00000000 0.0000e+00
6.7600 0.00000000 0.0000e+00
6.7650 0.00000000 0.0000e+00
6.7700 0.00000000 0.0000e+00
6.7750 0.00000000 0.0000e+00
6.7800 0.00000000 0.0000e+00
6.7850 0.00000000 0.0000e+00
6.7900 0.00000000 0.0000e+00
6.7950 0.00000000 0.0000e+00
6.8000 0.00000000 0.0000e+00
6.8050 0.00000000 0.0000e+00
6.8100 0.00000000 0.0000e+00
6.8150 0.00000000 0.0000e+00
6.8200 0.00000000 0.0000e+00
6.8250 0.00000000 0.0000e+00
6.8300 0.00000000 0.0000e+00
6.8350 0.00000000 0.0000e+00
6.8400 0.00000000 0.0000e+00
6.8450 0.00000000 0.0000e+00
6.8500 0.00000000 0.0000e+00
6.8550 0.00000000 0.0000e+00
6.8600 0.00000000 0.0000e+00
6.8650 0.00000000 0.0000e+00
6.8700 0.00000000 0.0000e+00
6.8750 0.00000000 0.0000e+00
6.8800 0.00000000 0.0000e+00
6.8850 0.00000000 0.0000e+00
6.8900 0.00000000 0.0000e+00
6.8950 0.00000000 0.0000e+00
6.9000 0.00000000 0.0000e+00
6.9050 0.00000000 0.0000e+00
6.9100 0.00000000 0.0000e+00
6.9150 0.00000000 0.0000e+00
6.9200 0.00000000 0.0000e+00
6.9250 0.00000000 0.0000e+00
6.9300 0.00000000 0.0000e+00
6.9350 0.00000000 0.0000e+00
6.9400 0.00000000 0.0000e+00
6.9450 0.00000000 0.0000e+00
6.9500 0.00000000 0.0000e+00
6.9550 0.00000000 0.0000e+00
6.9600 0.00000000 0.0000e+00
6.9650 0.00000000 0.0000e+00
6.9700 0.00000000 0.0000e+00
6.9750 0.00000000 0.0000e+00
6.9800 0.00000000 0.0000e+00
6.9850 0.00000000 0.0000e+00
6.9900 0.00000000 0.0000e+00
6.9950 0.00000000 0.0000e+00
7.0000 0.00000000 0.0000e+00
7.0050 0.00000000 0.0000e+00
7.0100 0.00000000 0.0000e+00
7.0150 0.00000000 0.0000e+00
7.0200 0.00000000 0.0000e+00
7.0250 0.00000000 0.0000e+00
7.0300 0.00000000 0.0000e+00
7.0350 0.00000000 0.0000e+00
7.0400 0.00000000 0.0000e+00
7.0450 0.00000000 0.0000e+00
7.0500 0.00000000 0.0000e+00
7.0550 0.00000000 0.0000e+00
7.0600 0.00000000 0.0000e+00
7.0650 0.00000000 0.0000e+00
7.0700 0.00000000 0.0000e+00
7.0750 0.00000000 0.0000e+00
7.0800 0.00000000 0.0000e+00
7.0850 0.00000000 0.0000e+00
7.0900 0.00000000 0.0000e+00
7.0950 0.00000000 0.0000e+00
7.1000 0.00000000 0.0000e+00
7.1050 0.00000000 0.0000e+00
7.1100 0.00000000 0.0000e+00
7.1150 0.00000000 0.0000e+00
7.1200 0.00000000 0.0000e+00
7.1250 0.00000000 0.0000e+00
7.1300 0.00000000 0.0000e+00
7.1350 0.00000000 0.0000e+00
7.1400 0.00000000 0.0000e+00
7.1450 0.00000000 0.0000e+00
7.1500 0.00000000 0.0000e+00
7.1550 0.00000000 0.0000e+00
7.1600 0.00000000 0.0000e+00
7.1650 0.00000000 0.0000e+00
7.1700 0.00000000 0.0000e+00
7.1750 0.00000000 0.0000e+00
7.1800 0.00000000 0.0000e+00
7.1850 0.00000000 0.0000e+00
7.1900 0.00000000 0.0000e+00
7.1950 0.00000000 0.0000e+00
7.2000 0.00000000 0.0000e+00
7.2050 0.00000000 0.0000e+00
7.2100 0.00000000 0.0000e+00
7.2150 0.00000000 0.0000e+00
7.2200 0.00000000 0.0000e+00
7.2250 0.00000000 0.0000e+00
7.2300 0.00000000 0.0000e+00
7.2350 0.00000000 0.0000e+00
7.2400 0.00000000 0.0000e+00
7.2450 0.00000000 0.0000e+00
7.2500 0.00000000 0.0000e+00
7.2550 0.00000000 0.0000e+00
7.2600 0.00000000 0.0000e+00
7.2650 0.00000000 0.0000e+00
7.2700 0.00000000 0.0000e+00
7.2750 0.00000000 0.0000e+00
7.2800 0.00000000 0.0000e+00
7.2850 0.00000000 0.0000e+00
7.2900 0.00000000 0.0000e+00
7.2950 0.00000000 0.0000e+00
7.3000 0.00000000 0.0000e+00
7.3050 0.00000000 0.0000e+00
7.3100 0.00000000 0.0000e+00
7.3150 0.00000000 0.0000e+00
7.3200 0.00000000 0.0000e+00
7.3250 0.00000000 0.0000e+00
7.3300 0.00000000 0.0000e+00
7.3350 0.00000000 0.0000e+00
7.3400 0.00000000 0.0000e+00
7.3450 0.00000000 0.0000e+00
7.3500 0.00000000 0.0000e+00
7.3550 0.00000000 0.0000e+00
7.3600 0.00000000 0.0000e+00
7.3650 0.00000000 0.0000e+00
7.3700 0.00000000 0.0000e+00
7.3750 0.00000000 0.0000e+00
7.3800 0.00000000 0.0000e+00
7.3850 0.00000000 0.0000e+00
7.3900 0.00000000 0.0000e+00
7.3950 0.00000000 0.0000e+00
7.4000 0.00000000 0.0000e+00
7.4050 0.00000000 0.0000e+00
7.4100 0.00000000 0.0000e+00
7.4150 0.00000000 0.0000e+00
7.4200 0.00000000 0.0000e+00
7.4250 0.00000000 0.0000e+00
7.4300 0.00000000 0.0000e+00
7.4350 0.00000000 0.0000e+00
7.4400 0.00000000 0.0000e+00
7.4450 0.00000000 0.0000e+00
7.4500 0.00000000 0.0000e+00
7.4550 0.00000000 0.0000e+00
7.4600 0.00000000 0.0000e+00
7.4650 0.00000000 0.0000e+00
7.4700 0.00000000 0.0000e+00
7.4750 0.00000000 0.0000e+00
7.4800 0.00000000 0.0000e+00
7.4850 0.00000000 0.0000e+00
7.4900 0.00000000 0.0000e+00
7.4950 0.00000000 0.0000e+00
7.5000 0.00000000 0.0000e+00
7.5050 0.00000000 0.0000e+00
7.5100 0.00000000 0.0000e+00
7.5150 0.00000000 0.0000e+00
7.5200 0.00000000 0.0000e+00
7.5250 0.00000000 0.0000e+00
7.5300 0.00000000 0.0000e+00
7.5350 0.00000000 0.0000e+00
7.5400 0.00000000 0.0000e+00
7.5450 0.00000000 0.0000e+00
7.5500 0.00000000 0.0000e+00
7.5550 0.00000000 0.0000e+00
7.5600 0.00000000 0.0000e+00
7.5650 0.00000000 0.0000e+00
7.5700 0.00000000 0.0000e+00
7.5750 0.00000000 0.0000e+00
7.5800 0.00000000 0.0000e+00
7.5850 0.00000000 0.0000e+00
7.5900 0.00000000 0.0000e+00
7.5950 0.00000000 0.0000e+00
7.6000 0.00000000 0.0000e+00
7.6050 0.00000000 0.0000e+00
7.6100 0.00000000 0.0000e+00
7.6150 0.00000000 0.0000e+00
7.6200 0.00000000 0.0000e+00
7.6250 0.00000000 0.0000e+00
7.6300 0.00000000 0.0000e+00
7.6350 0.00000000 0.0000e+00
7.6400 0.00000000 0.0000e+00
7.6450 0.00000000 0.0000e+00
7.6500 0.00000000 0.0000e+00
7.6550 0.00000000 0.0000e+00
7.6600 0.00000000 0.0000e+00
7.6650 0.00000000 0.0000e+00
7.6700 0.00000000 0.0000e+00
7.6750 0.00000000 0.0000e+00
7.6800 0.00000000 0.0000e+00
7.6850 0.00000000 0.0000e+00
7.6900 0.00000000 0.0000e+00
7.6950 0.00000000 0.0000e+00
7.7000 0.00000000 0.0000e+00
7.7050 0.00000000 0.0000e+00
7.7100 0.00000000 0.0000e+00
7.7150 0.00000000 0.0000e+00
7.7200 0.00000000 0.0000e+00
7.7250 0.00000000 0.0000e+00
7.7300 0.00000000 0.0000e+00
7.7350 0.00000000 0.0000e+00
7.7400 0.00000000 0.0000e+00
7.7450 0.00000000 0.0000e+00
7.7500 0.00000000 0.0000e+00
7.7550 0.00000000 0.0000e+00
7.7600 0.00000000 0.0000e+00
7.7650 0.00000000 0.0000e+00
7.7700 0.00000000 0.0000e+00
7.7750 0.00000000 0.0000e+00
7.7800 0.00000000 0.0000e+00
7.7850 0.00000000 0.0000e+00
7.7900 0.00000000 0.0000e+00
7.7950 0.00000000 0.0000e+00
7.8000 0.00000000 0.0000e+00
7.8050 0.00000000 0.0000e+00
7.8100 0.00000000 0.0000e+00
7.8150 0.00000000 0.0000e+00
7.8200 0.00000000 0.0000e+00
7.8250 0.00000000 0.0000e+00
7.8300 0.00000000 0.0000e+00
7.8350 0.00000000 0.0000e+00
7.8400 0.00000000 0.0000e+00
7.8450 0.00000000 0.0000e+00
7.8500 0.00000000 0.0000e+00
7.8550 0.00000000 0.0000e+00
7.8600 0.00000000 0.0000e+00
7.8650 0.00000000 0.0000e+00
7.8700 0.00000000 0.0000e+00
7.8750 0.00000000 0.0000e+00
7.8800 0.00000000 0.0000e+00
7.8850 0.00000000 0.0000e+00
7.8900 0.00000000 0.0000e+00
7.8950 0.00000000 0.0000e+00
7.9000 0.00000000 0.0000e+00
7.9050 0.00000000 0.0000e+00
7.9100 0.00000000 0.0000e+00
7.9150 0.00000000 0.0000e+00
7.9200 0.00000000 0.0000e+00
7.9250 0.00000000 0.0000e+00
7.9300 0.00000000 0.0000e+00
7.9350 0.00000000 0.0000e+00
7.9400 0.00000000 0.0000e+00
7.9450 0.00000000 0.0000e+00
7.9500 0.00000000 0.0000e+00
7.9550 0.00000000 0.0000e+00
7.9600 0.00000000 0.0000e+00
7.9650 0.00000000 0.0000e+00
7.9700 0.00000000 0.0000e+00
7.9750 0.00000000 0.0000e+00
7.9800 0.00000000 0.0000e+00
7.9850 0.00000000 0.0000e+00
7.9900 0.00000000 0.0000e+00
7.9950 0.00000000 0.0000e+00
8.0000 0.00000000 0.0000e+00
