0.0050 0.00000000 0.0000e+00
0.0100 0.00000000 0.0000e+00
0.0150 0.00000000 0.0000e+00
0.0200 0.00000000 0.0000e+00
0.0250 0.00000000 0.0000e+00
0.0300 0.00000000 0.0000e+00
0.0350 0.00000000 0.0000e+00
0.0400 0.00000000 0.0000e+00
0.0450 0.00000000 0.0000e+00
0.0500 0.00000000 0.0000e+00
0.0550 0.00000000 0.0000e+00
0.0600 0.00000000 0.0000e+00
0.0650 0.00000000 0.0000e+00
0.0700 0.00000000 0.0000e+00
0.0750 0.00000000 0.0000e+00
0.0800 0.00000000 0.0000e+00
0.0850 0.00000000 0.0000e+00
0.0900 0.00000000 0.0000e+00
0.0950 0.00000000 0.0000e+00
0.1000 0.00000000 0.0000e+00
0.1050 0.00000000 0.0000e+00
0.1100 0.00000000 0.0000e+00
0.1150 0.00000000 0.0000e+00
0.1200 0.00000000 0.0000e+00
0.1250 0.00000000 0.0000e+00
0.1300 0.00000000 0.0000e+00
0.1350 0.00000000 0.0000e+00
0.1400 0.00000000 0.0000e+00
0.1450 0.00000000 0.0000e+00
0.1500 0.00000000 0.0000e+00
0.1550 0.00000000 0.0000e+00
0.1600 0.00000000 0.0000e+00
0.1650 0.00000000 0.0000e+00
0.1700 0.00000000 0.0000e+00
0.1750 0.00000000 0.0000e+00
0.1800 0.00000000 0.0000e+00
0.1850 0.00000000 0.0000e+00
0.1900 0.00000000 0.0000e+00
0.1950 0.00000000 0.0000e+00
0.2000 0.00000000 0.0000e+00
0.2050 0.00000000 0.0000e+00
0.2100 0.00000000 0.0000e+00
0.2150 0.00000000 0.0000e+00
0.2200 0.00000000 0.0000e+00
0.2250 0.00000000 0.0000e+00
0.2300 0.00000000 0.0000e+00
0.2350 0.00000000 0.0000e+00
0.2400 0.00000000 0.0000e+00
0.2450 0.00000000 0.0000e+00
0.2500 0.00000000 0.0000e+00
0.2550 0.00000000 0.0000e+00
0.2600 0.00000000 0.0000e+00
0.2650 0.00000000 0.0000e+00
0.2700 0.00000000 0.0000e+00
0.2750 0.00000000 0.0000e+00
0.2800 0.00000000 0.0000e+00
0.2850 0.00000000 0.0000e+00
0.2900 0.00000000 0.0000e+00
0.2950 0.00000000 0.0000e+00
0.3000 0.00000000 0.0000e+00
0.3050 0.00000000 0.0000e+00
0.3100 0.00000000 0.0000e+00
0.3150 0.00000000 0.0000e+00
0.3200 0.00000000 0.0000e+00
0.3250 0.00000000 0.0000e+00
0.3300 0.00000000 0.0000e+00
0.3350 0.00000000 0.0000e+00
0.3400 0.00000000 0.0000e+00
0.3450 0.00000000 0.0000e+00
0.3500 0.00000000 0.0000e+00
0.3550 0.00000000 0.0000e+00
0.3600 0.00000000 0.0000e+00
0.3650 0.00000000 0.0000e+00
0.3700 0.00000000 0.0000e+00
0.3750 0.00000000 0.0000e+00
0.3800 0.00000000 0.0000e+00
0.3850 0.00000000 0.0000e+00
0.3900 0.00000000 0.0000e+00
0.3950 0.00000000 0.0000e+00
0.4000 0.00000000 0.0000e+00
0.4050 0.00000000 0.0000e+00
0.4100 0.00000000 0.0000e+00
0.4150 0.00000000 0.0000e+00
0.4200 0.00000000 0.0000e+00
0.4250 0.00000000 0.0000e+00
0.4300 0.00000000 0.0000e+00
0.4350 0.00000000 0.0000e+00
0.4400 0.00000000 0.0000e+00
0.4450 0.00000000 0.0000e+00
0.4500 0.00000000 0.0000e+00
0.4550 0.00000000 0.0000e+00
0.4600 0.00000000 0.0000e+00
0.4650 0.00000000 0.0000e+00
0.4700 0.00000000 0.0000e+00
0.4750 0.00000000 0.0000e+00
0.4800 0.00000000 0.0000e+00
0.4850 0.00000000 0.0000e+00
0.4900 0.00000000 0.0000e+00
0.4950 0.00000000 0.0000e+00
0.5000 0.00000000 0.0000e+00
0.5050 0.00000000 0.0000e+00
0.5100 0.00000000 0.0000e+00
0.5150 0.00000000 0.0000e+00
0.5200 0.00000000 0.0000e+00
0.5250 0.00000000 0.0000e+00
0.5300 0.00000000 0.0000e+00
0.5350 0.00000000 0.0000e+00
0.5400 0.00000000 0.0000e+00
0.5450 0.00000000 0.0000e+00
0.5500 0.00000000 0.0000e+00
0.5550 0.00000000 0.0000e+00
0.5600 0.00000000 0.0000e+00
0.5650 0.00000000 0.0000e+00
0.5700 0.00000000 0.0000e+00
0.5750 0.00000000 0.0000e+00
0.5800 0.00000000 0.0000e+00
0.5850 0.00000000 0.0000e+00
0.5900 0.00000000 0.0000e+00
0.5950 0.00000000 0.0000e+00
0.6000 0.00000000 0.0000e+00
0.6050 0.00000000 0.0000e+00
0.6100 0.00000000 0.0000e+00
0.6150 0.00000000 0.0000e+00
0.6200 0.00000000 0.0000e+00
0.6250 0.00000000 0.0000e+00
0.6300 0.00000000 0.0000e+00
0.6350 0.00000000 0.0000e+00
0.6400 0.00000000 0.0000e+00
0.6450 0.00000000 0.0000e+00
0.6500 0.00000000 0.0000e+00
0.6550 0.00000000 0.0000e+00
0.6600 0.00000000 0.0000e+00
0.6650 0.00000000 0.0000e+00
0.6700 0.00000000 0.0000e+00
0.6750 0.00000000 0.0000e+00
0.6800 0.00000000 0.0000e+00
0.6850 0.00000000 0.0000e+00
0.6900 0.00000000 0.0000e+00
0.6950 0.00000000 0.0000e+00
0.7000 0.00000000 0.0000e+00
0.7050 0.00000000 0.0000e+00
0.7100 0.00000000 0.0000e+00
0.7150 0.00000000 0.0000e+00
0.7200 0.00000000 0.0000e+00
0.7250 0.00000000 0.0000e+00
0.7300 0.00000000 0.0000e+00
0.7350 0.00000000 0.0000e+00
0.7400 0.00000000 0.0000e+00
0.7450 0.00000000 0.0000e+00
0.7500 0.00000000 0.0000e+00
0.7550 0.00000000 0.0000e+00
0.7600 0.00000000 0.0000e+00
0.7650 0.00000000 0.0000e+00
0.7700 0.00000000 0.0000e+00
0.7750 0.00000000 0.0000e+00
0.7800 0.00000000 0.0000e+00
0.7850 0.00000000 0.0000e+00
0.7900 0.00000000 0.0000e+00
0.7950 0.00000000 0.0000e+00
0.8000 0.00000000 0.0000e+00
0.8050 0.00000000 0.0000e+00
0.8100 0.00000000 0.0000e+00
0.8150 0.00000000 0.0000e+00
0.8200 0.00000000 0.0000e+00
0.8250 0.00000000 0.0000e+00
0.8300 0.00000000 0.0000e+00
0.8350 0.00000000 0.0000e+00
0.8400 0.00000000 0.0000e+00
0.8450 0.00000000 0.0000e+00
0.8500 0.00000000 0.0000e+00
0.8550 0.00000000 0.0000e+00
0.8600 0.00000000 0.0000e+00
0.8650 0.00000000 0.0000e+00
0.8700 0.00000000 0.0000e+00
0.8750 0.00000000 0.0000e+00
0.8800 0.00000000 0.0000e+00
0.8850 0.00000000 0.0000e+00
0.8900 0.00000000 0.0000e+00
0.8950 0.00000000 0.0000e+00
0.9000 0.00000000 0.0000e+00
0.9050 0.00000000 0.0000e+00
0.9100 0.00000000 0.0000e+00
0.9150 0.00000000 0.0000e+00
0.9200 0.00000000 0.0000e+00
0.9250 0.00000000 0.0000e+00
0.9300 0.00000000 0.0000e+00
0.9350 0.00000000 0.0000e+00
0.9400 0.00000000 0.0000e+00
0.9450 0.00000000 0.0000e+00
0.9500 0.00000000 0.0000e+00
0.9550 0.00000000 0.0000e+00
0.9600 0.00000000 0.0000e+00
0.9650 0.00000000 0.0000e+00
0.9700 0.00000000 0.0000e+00
0.9750 0.00000000 0.0000e+00
0.9800 0.00000000 0.0000e+00
0.9850 0.00000000 0.0000e+00
0.9900 0.00000000 0.0000e+00
0.9950 0.00000000 0.0000e+00
1.0000 0.00000000 0.0000e+00
1.0050 0.00000000 0.0000e+00
1.0100 0.00000000 0.0000e+00
1.0150 0.00000000 0.0000e+00
1.0200 0.00000000 0.0000e+00
1.0250 0.00000000 0.0000e+00
1.0300 0.00000000 0.0000e+00
1.0350 0.00000000 0.0000e+00
1.0400 0.00000000 0.0000e+00
1.0450 0.00000000 0.0000e+00
1.0500 0.00000000 0.0000e+00
1.0550 0.00000000 0.0000e+00
1.0600 0.00000000 0.0000e+00
1.0650 0.00000000 0.0000e+00
1.0700 0.00000000 0.0000e+00
1.0750 0.00000000 0.0000e+00
1.0800 0.00000000 0.0000e+00
1.0850 0.00000000 0.0000e+00
1.0900 0.00000000 0.0000e+00
1.0950 0.00000000 0.0000e+00
1.1000 0.00000000 0.0000e+00
1.1050 0.00000000 0.0000e+00
1.1100 0.00000000 0.0000e+00
1.1150 0.00000000 0.0000e+00
1.1200 0.00000000 0.0000e+00
1.1250 0.00000000 0.0000e+00
1.1300 0.00000000 0.0000e+00
1.1350 0.00000000 0.0000e+00
1.1400 0.00000000 0.0000e+00
1.1450 0.00000000 0.0000e+00
1.1500 0.00000000 0.0000e+00
1.1550 0.00000000 0.0000e+00
1.1600 0.00000000 0.0000e+00
1.1650 0.00000000 0.0000e+00
1.1700 0.00000000 0.0000e+00
1.1750 0.00000000 0.0000e+00
1.1800 0.00000000 0.0000e+00
1.1850 0.00000000 0.0000e+00
1.1900 0.00000000 0.0000e+00
1.1950 0.00000000 0.0000e+00
1.2000 0.00000000 0.0000e+00
1.2050 0.00000000 0.0000e+00
1.2100 0.00000000 0.0000e+00
1.2150 0.00000000 0.0000e+00
1.2200 0.00000000 0.0000e+00
1.2250 0.00000000 0.0000e+00
1.2300 0.00000000 0.0000e+00
1.2350 0.00000000 0.0000e+00
1.2400 0.00000000 0.0000e+00
1.2450 0.00000000 0.0000e+00
1.2500 0.00000000 0.0000e+00
1.2550 0.00000000 0.0000e+00
1.2600 0.00000000 0.0000e+00
1.2650 0.00000000 0.0000e+00
1.2700 0.00000000 0.0000e+00
1.2750 0.00000000 0.0000e+00
1.2800 0.00000000 0.0000e+00
1.2850 0.00000000 0.0000e+00
1.2900 0.00000000 0.0000e+00
1.2950 0.00000000 0.0000e+00
1.3000 0.00000000 0.0000e+00
1.3050 0.00000000 0.0000e+00
1.3100 0.00000000 0.0000e+00
1.3150 0.00000000 0.0000e+00
1.3200 0.00000000 0.0000e+00
1.3250 0.00000000 0.0000e+00
1.3300 0.00000000 0.0000e+00
1.3350 0.00000000 0.0000e+00
1.3400 0.00000000 0.0000e+00
1.3450 0.00000000 0.0000e+00
1.3500 0.00000000 0.0000e+00
1.3550 0.00000000 0.0000e+00
1.3600 0.00000000 0.0000e+00
1.3650 0.00000000 0.0000e+00
1.3700 0.00000000 0.0000e+00
1.3750 0.00000000 0.0000e+00
1.3800 0.00000000 0.0000e+00
1.3850 0.00000000 0.0000e+00
1.3900 0.00000000 0.0000e+00
1.3950 0.00000000 0.0000e+00
1.4000 0.00000000 0.0000e+00
1.4050 0.00000000 0.0000e+00
1.4100 0.00000000 0.0000e+00
1.4150 0.00000000 0.0000e+00
1.4200 0.00000000 0.0000e+00
1.4250 0.00000000 0.0000e+00
1.4300 0.00000000 0.0000e+00
1.4350 0.00000000 0.0000e+00
1.4400 0.00000000 0.0000e+00
1.4450 0.00000000 0.0000e+00
1.4500 0.00000000 0.0000e+00
1.4550 0.00000000 0.0000e+00
1.4600 0.00000000 0.0000e+00
1.4650 0.00000000 0.0000e+00
1.4700 0.00000000 0.0000e+00
1.4750 0.00000000 0.0000e+00
1.4800 0.00000000 0.0000e+00
1.4850 0.00000000 0.0000e+00
1.4900 0.00000000 0.0000e+00
1.4950 0.00000000 0.0000e+00
1.5000 0.00000000 0.0000e+00
1.5050 0.00000000 0.0000e+00
1.5100 0.00000000 0.0000e+00
1.5150 0.00000000 0.0000e+00
1.5200 0.00000000 0.0000e+00
1.5250 0.00000000 0.0000e+00
1.5300 0.00000000 0.0000e+00
1.5350 0.00000000 0.0000e+00
1.5400 0.00000000 0.0000e+00
1.5450 0.00000000 0.0000e+00
1.5500 0.00000000 0.0000e+00
1.5550 0.00000000 0.0000e+00
1.5600 0.00000000 0.0000e+00
1.5650 0.00000000 0.0000e+00
1.5700 0.00000000 0.0000e+00
1.5750 0.00000000 0.0000e+00
1.5800 0.00000000 0.0000e+00
1.5850 0.00000000 0.0000e+00
1.5900 0.00000000 0.0000e+00
1.5950 0.00000000 0.0000e+00
1.6000 0.00000000 0.0000e+00
1.6050 0.00000000 0.0000e+00
1.6100 0.00000000 0.0000e+00
1.6150 0.00000000 0.0000e+00
1.6200 0.00000000 0.0000e+00
1.6250 0.00000000 0.0000e+00
1.6300 0.00000000 0.0000e+00
1.6350 0.00000000 0.0000e+00
1.6400 0.00000000 0.0000e+00
1.6450 0.00000000 0.0000e+00
1.6500 0.00000000 0.0000e+00
1.6550 0.00000000 0.0000e+00
1.6600 0.00000000 0.0000e+00
1.6650 0.00000000 0.0000e+00
1.6700 0.00000000 0.0000e+00
1.6750 0.00000000 0.0000e+00
1.6800 0.00000000 0.0000e+00
1.6850 0.00000000 0.0000e+00
1.6900 0.00000000 0.0000e+00
1.6950 0.00000000 0.0000e+00
1.7000 0.00000000 0.0000e+00
1.7050 0.00000000 0.0000e+00
1.7100 0.00000000 0.0000e+00
1.7150 0.00000000 0.0000e+00
1.7200 0.00000000 0.0000e+00
1.7250 0.00000000 0.0000e+00
1.7300 0.00000000 0.0000e+00
1.7350 0.00000000 0.0000e+00
1.7400 0.00000000 0.0000e+00
1.7450 0.00000000 0.0000e+00
1.7500 0.00000000 0.0000e+00
1.7550 0.00000000 0.0000e+00
1.7600 0.00000000 0.0000e+00
1.7650 0.00000000 0.0000e+00
1.7700 0.00000000 0.0000e+00
1.7750 0.00000000 0.0000e+00
1.7800 0.00000000 0.0000e+00
1.7850 0.00000000 0.0000e+00
1.7900 0.00000000 0.0000e+00
1.7950 0.00000000 0.0000e+00
1.8000 0.00000000 0.0000e+00
1.8050 0.00000000 0.0000e+00
1.8100 0.00000000 0.0000e+00
1.8150 0.00000000 0.0000e+00
1.8200 0.00000000 0.0000e+00
1.8250 0.00000000 0.0000e+00
1.8300 0.00000000 0.0000e+00
1.8350 0.00000000 0.0000e+00
1.8400 0.00000000 0.0000e+00
1.8450 0.00000000 0.0000e+00
1.8500 0.00000000 0.0000e+00
1.8550 0.00000000 0.0000e+00
1.8600 0.00000000 0.0000e+00
1.8650 0.00000000 0.0000e+00
1.8700 0.00000000 0.0000e+00
1.8750 0.00000000 0.0000e+00
1.8800 0.00000000 0.0000e+00
1.8850 0.00000000 0.0000e+00
1.8900 0.00000000 0.0000e+00
1.8950 0.00000000 0.0000e+00
1.9000 0.00000000 0.0000e+00
1.9050 0.00000000 0.0000e+00
1.9100 0.00000000 0.0000e+00
1.9150 0.00000000 0.0000e+00
1.9200 0.00000000 0.0000e+00
1.9250 0.00000000 0.0000e+00
1.9300 0.00000000 0.0000e+00
1.9350 0.00000000 0.0000e+00
1.9400 0.00000000 0.0000e+00
1.9450 0.00000000 0.0000e+00
1.9500 0.00000000 0.0000e+00
1.9550 0.00000000 0.0000e+00
1.9600 0.00000000 0.0000e+00
1.9650 0.00000000 0.0000e+00
1.9700 0.00000000 0.0000e+00
1.9750 0.00000000 0.0000e+00
1.9800 0.00000000 0.0000e+00
1.9850 0.00000000 0.0000e+00
1.9900 0.00000000 0.0000e+00
1.9950 0.00000000 0.0000e+00
2.0000 0.00000000 0.0000e+00
2.0050 0.00000000 0.0000e+00
2.0100 0.00000000 0.0000e+00
2.0150 0.00000000 0.0000e+00
2.0200 0.00000000 0.0000e+00
2.0250 0.00000000 0.0000e+00
2.0300 0.00000000 0.0000e+00
2.0350 0.00000000 0.0000e+00
2.0400 0.00000000 0.0000e+00
2.0450 0.00000000 0.0000e+00
2.0500 0.00000000 0.0000e+00
2.0550 0.00000000 0.0000e+00
2.0600 0.00000000 0.0000e+00
2.0650 0.00000000 0.0000e+00
2.0700 0.00000000 0.0000e+00
2.0750 0.00000000 0.0000e+00
2.0800 0.00000000 0.0000e+00
2.0850 0.00000000 0.0000e+00
2.0900 0.00000000 0.0000e+00
2.0950 0.00000000 0.0000e+00
2.1000 0.00000000 0.0000e+00
2.1050 0.00000000 0.0000e+00
2.1100 0.00000000 0.0000e+00
2.1150 0.00000000 0.0000e+00
2.1200 0.00000000 0.0000e+00
2.1250 0.00000000 0.0000e+00
2.1300 0.00000000 0.0000e+00
2.1350 0.00000000 0.0000e+00
2.1400 0.00000000 0.0000e+00
2.1450 0.00000000 0.0000e+00
2.1500 0.00000000 0.0000e+00
2.1550 0.00000000 0.0000e+00
2.1600 0.00000000 0.0000e+00
2.1650 0.00000000 0.0000e+00
2.1700 0.00000000 0.0000e+00
2.1750 0.00000000 0.0000e+00
2.1800 0.00000000 0.0000e+00
2.1850 0.00000000 0.0000e+00
2.1900 0.00000000 0.0000e+00
2.1950 0.00000000 0.0000e+00
2.2000 0.00140569 5.5277e+10
2.2050 0.00140729 5.5340e+10
2.2100 0.00140889 5.5403e+10
2.2150 0.00141049 5.5466e+10
2.2200 0.00141209 5.5529e+10
2.2250 0.00141369 5.5592e+10
2.2300 0.00141529 5.5655e+10
2.2350 0.00141689 5.5718e+10
2.2400 0.00141849 5.5781e+10
2.2450 0.00142009 5.5844e+10
2.2500 0.00142170 5.5907e+10
2.2550 0.00142330 5.5970e+10
2.2600 0.00142490 5.6033e+10
2.2650 0.00142650 5.6096e+10
2.2700 0.00142810 5.6159e+10
2.2750 0.00142970 5.6222e+10
2.2800 0.00143130 5.6285e+10
2.2850 0.00143290 5.6348e+10
2.2900 0.00143450 5.6411e+10
2.2950 0.00143610 5.6474e+10
2.3000 0.00143770 5.6537e+10
2.3050 0.00143931 5.6600e+10
2.3100 0.00144091 5.6662e+10
2.3150 0.00144251 5.6725e+10
2.3200 0.00144411 5.6788e+10
2.3250 0.00144571 5.6851e+10
2.3300 0.00144731 5.6914e+10
2.3350 0.00144891 5.6977e+10
2.3400 0.00145051 5.7040e+10
2.3450 0.00145211 5.7103e+10
2.3500 0.00145371 5.7166e+10
2.3550 0.00145532 5.7229e+10
2.3600 0.00145692 5.7292e+10
2.3650 0.00145852 5.7355e+10
2.3700 0.00146012 5.7418e+10
2.3750 0.00146172 5.7481e+10
2.3800 0.00146332 5.7544e+10
2.3850 0.00146492 5.7607e+10
2.3900 0.00146652 5.7670e+10
2.3950 0.00146812 5.7733e+10
2.4000 0.00146972 5.7796e+10
2.4050 0.00147133 5.7859e+10
2.4100 0.00147293 5.7922e+10
2.4150 0.00147453 5.7985e+10
2.4200 0.00147613 5.8048e+10
2.4250 0.00147773 5.8110e+10
2.4300 0.00147933 5.8173e+10
2.4350 0.00148093 5.8236e+10
2.4400 0.00148253 5.8299e+10
2.4450 0.00148413 5.8362e+10
2.4500 0.00148573 5.8425e+10
2.4550 0.00148734 5.8488e+10
2.4600 0.00148894 5.8551e+10
2.4650 0.00149054 5.8614e+10
2.4700 0.00149214 5.8677e+10
2.4750 0.00149374 5.8740e+10
2.4800 0.00149534 5.8803e+10
2.4850 0.00149694 5.8866e+10
2.4900 0.00149854 5.8929e+10
2.4950 0.00150014 5.8992e+10
2.5000 0.00150174 5.9055e+10
2.5050 0.00153121 6.0214e+10
2.5100 0.00156124 6.1394e+10
2.5150 0.00159127 6.2575e+10
2.5200 0.00162130 6.3756e+10
2.5250 0.00165132 6.4937e+10
2.5300 0.00168135 6.6118e+10
2.5350 0.00171138 6.7299e+10
2.5400 0.00174141 6.8480e+10
2.5450 0.00177144 6.9660e+10
2.5500 0.00180147 7.0841e+10
2.5550 0.00183150 7.2022e+10
2.5600 0.00186153 7.3203e+10
2.5650 0.00189156 7.4384e+10
2.5700 0.00192158 7.5565e+10
2.5750 0.00195161 7.6746e+10
2.5800 0.00198164 7.7926e+10
2.5850 0.00201167 7.9107e+10
2.5900 0.00204170 8.0288e+10
2.5950 0.00207173 8.1469e+10
2.6000 0.00210176 8.2650e+10
2.6050 0.00213179 8.3831e+10
2.6100 0.00216182 8.5012e+10
2.6150 0.00219184 8.6192e+10
2.6200 0.00222187 8.7373e+10
2.6250 0.00225190 8.8554e+10
2.6300 0.00228193 8.9735e+10
2.6350 0.00231196 9.0916e+10
2.6400 0.00234199 9.2097e+10
2.6450 0.00237202 9.3278e+10
2.6500 0.00240205 9.4458e+10
2.6550 0.00243208 9.5639e+10
2.6600 0.00246210 9.6820e+10
2.6650 0.00249213 9.8001e+10
2.6700 0.00252216 9.9182e+10
2.6750 0.00255219 1.0036e+11
2.6800 0.00261247 1.0273e+11
2.6850 0.00268221 1.0548e+11
2.6900 0.00275194 1.0822e+11
2.6950 0.00282167 1.1096e+11
2.7000 0.00289141 1.1370e+11
2.7050 0.00296114 1.1644e+11
2.7100 0.00303087 1.1919e+11
2.7150 0.00310061 1.2193e+11
2.7200 0.00317034 1.2467e+11
2.7250 0.00324008 1.2741e+11
2.7300 0.00330981 1.3016e+11
2.7350 0.00337954 1.3290e+11
2.7400 0.00344928 1.3564e+11
2.7450 0.00351901 1.3838e+11
2.7500 0.00358875 1.4112e+11
2.7550 0.00365848 1.4387e+11
2.7600 0.00372821 1.4661e+11
2.7650 0.00379795 1.4935e+11
2.7700 0.00386768 1.5209e+11
2.7750 0.00393742 1.5484e+11
2.7800 0.00400715 1.5758e+11
2.7850 0.00407688 1.6032e+11
2.7900 0.00414662 1.6306e+11
2.7950 0.00421635 1.6580e+11
2.8000 0.00428609 1.6855e+11
2.8050 0.00439066 1.7266e+11
2.8100 0.00450539 1.7717e+11
2.8150 0.00462012 1.8168e+11
2.8200 0.00473486 1.8619e+11
2.8250 0.00484959 1.9071e+11
2.8300 0.00496432 1.9522e+11
2.8350 0.00507906 1.9973e+11
2.8400 0.00519379 2.0424e+11
2.8450 0.00530852 2.0875e+11
2.8500 0.00542325 2.1326e+11
2.8550 0.00553799 2.1778e+11
2.8600 0.00565272 2.2229e+11
2.8650 0.00576745 2.2680e+11
2.8700 0.00588219 2.3131e+11
2.8750 0.00599692 2.3582e+11
2.8800 0.00611165 2.4034e+11
2.8850 0.00622639 2.4485e+11
2.8900 0.00634112 2.4936e+11
2.8950 0.00645585 2.5387e+11
2.9000 0.00658937 2.5912e+11
2.9050 0.00675199 2.6552e+11
2.9100 0.00691462 2.7191e+11
2.9150 0.00707724 2.7831e+11
2.9200 0.00723986 2.8470e+11
2.9250 0.00740249 2.9110e+11
2.9300 0.00756511 2.9749e+11
2.9350 0.00772774 3.0389e+11
2.9400 0.00789036 3.1028e+11
2.9450 0.00805299 3.1668e+11
2.9500 0.00821561 3.2307e+11
2.9550 0.00837824 3.2947e+11
2.9600 0.00854086 3.3586e+11
2.9650 0.00870348 3.4226e+11
2.9700 0.00886611 3.4865e+11
2.9750 0.00902873 3.5505e+11
2.9800 0.00922291 3.6268e+11
2.9850 0.00944230 3.7131e+11
2.9900 0.00966168 3.7994e+11
2.9950 0.00988107 3.8856e+11
3.0000 0.01010045 3.9719e+11
3.0050 0.01031984 4.0582e+11
3.0100 0.01053922 4.1445e+11
3.0150 0.01075861 4.2307e+11
3.0200 0.01097800 4.3170e+11
3.0250 0.01119738 4.4033e+11
3.0300 0.01141677 4.4895e+11
3.0350 0.01163615 4.5758e+11
3.0400 0.01185554 4.6621e+11
3.0450 0.01208476 4.7522e+11
3.0500 0.01236322 4.8617e+11
3.0550 0.01264167 4.9712e+11
3.0600 0.01292013 5.0807e+11
3.0650 0.01319858 5.1902e+11
3.0700 0.01347704 5.2997e+11
3.0750 0.01375550 5.4092e+11
3.0800 0.01403395 5.5187e+11
3.0850 0.01431241 5.6282e+11
3.0900 0.01459086 5.7377e+11
3.0950 0.01486932 5.8472e+11
3.1000 0.01514777 5.9567e+11
3.1050 0.01546335 6.0808e+11
3.1100 0.01580715 6.2160e+11
3.1150 0.01615094 6.3512e+11
3.1200 0.01649474 6.4864e+11
3.1250 0.01683853 6.6216e+11
3.1300 0.01718233 6.7568e+11
3.1350 0.01752613 6.8920e+11
3.1400 0.01786992 7.0272e+11
3.1450 0.01821372 7.1624e+11
3.1500 0.01855751 7.2976e+11
3.1550 0.01892861 7.4435e+11
3.1600 0.01935328 7.6105e+11
3.1650 0.01977794 7.7775e+11
3.1700 0.02020261 7.9445e+11
3.1750 0.02062728 8.1115e+11
3.1800 0.02105194 8.2785e+11
3.1850 0.02147661 8.4455e+11
3.1900 0.02190127 8.6125e+11
3.1950 0.02232594 8.7795e+11
3.2000 0.02276218 8.9510e+11
3.2050 0.02324905 9.1425e+11
3.2100 0.02373591 9.3339e+11
3.2150 0.02422277 9.5254e+11
3.2200 0.02470964 9.7169e+11
3.2250 0.02519650 9.9083e+11
3.2300 0.02568337 1.0100e+12
3.2350 0.02617023 1.0291e+12
3.2400 0.02665710 1.0483e+12
3.2450 0.02719635 1.0695e+12
3.2500 0.02774094 1.0909e+12
3.2550 0.02828553 1.1123e+12
3.2600 0.02883012 1.1337e+12
3.2650 0.02937471 1.1551e+12
3.2700 0.02991929 1.1766e+12
3.2750 0.03046388 1.1980e+12
3.2800 0.03104326 1.2208e+12
3.2850 0.03168727 1.2461e+12
3.2900 0.03233127 1.2714e+12
3.2950 0.03297528 1.2967e+12
3.3000 0.03361929 1.3221e+12
3.3050 0.03426330 1.3474e+12
3.3100 0.03490730 1.3727e+12
3.3150 0.03558000 1.3992e+12
3.3200 0.03629619 1.4273e+12
3.3250 0.03701238 1.4555e+12
3.3300 0.03772857 1.4836e+12
3.3350 0.03844476 1.5118e+12
3.3400 0.03916094 1.5400e+12
3.3450 0.03987713 1.5681e+12
3.3500 0.04068578 1.5999e+12
3.3550 0.04149823 1.6319e+12
3.3600 0.04231067 1.6638e+12
3.3650 0.04312312 1.6958e+12
3.3700 0.04393557 1.7277e+12
3.3750 0.04474801 1.7597e+12
3.3800 0.04563144 1.7944e+12
3.3850 0.04651721 1.8293e+12
3.3900 0.04740299 1.8641e+12
3.3950 0.04828877 1.8989e+12
3.4000 0.04917455 1.9337e+12
3.4050 0.05008947 1.9697e+12
3.4100 0.05105572 2.0077e+12
3.4150 0.05202198 2.0457e+12
3.4200 0.05298824 2.0837e+12
3.4250 0.05395449 2.1217e+12
3.4300 0.05492700 2.1600e+12
3.4350 0.05595811 2.2005e+12
3.4400 0.05698923 2.2411e+12
3.4450 0.05802034 2.2816e+12
3.4500 0.05905146 2.3221e+12
3.4550 0.06008666 2.3629e+12
3.4600 0.06114885 2.4046e+12
3.4650 0.06221103 2.4464e+12
3.4700 0.06327322 2.4882e+12
3.4750 0.06433540 2.5299e+12
3.4800 0.06547216 2.5746e+12
3.4850 0.06670559 2.6231e+12
3.4900 0.06793902 2.6716e+12
3.4950 0.06917245 2.7201e+12
3.5000 0.07040589 2.7687e+12
3.5050 0.07164554 2.8174e+12
3.5100 0.07288531 2.8662e+12
3.5150 0.07412509 2.9149e+12
3.5200 0.07536487 2.9637e+12
3.5250 0.07670322 3.0163e+12
3.5300 0.07807581 3.0703e+12
3.5350 0.07944839 3.1242e+12
3.5400 0.08082097 3.1782e+12
3.5450 0.08221781 3.2331e+12
3.5500 0.08362496 3.2885e+12
3.5550 0.08503211 3.3438e+12
3.5600 0.08643926 3.3992e+12
3.5650 0.08796184 3.4590e+12
3.5700 0.08950630 3.5198e+12
3.5750 0.09105076 3.5805e+12
3.5800 0.09260397 3.6416e+12
3.5850 0.09420916 3.7047e+12
3.5900 0.09581436 3.7678e+12
3.5950 0.09741956 3.8309e+12
3.6000 0.09905223 3.8951e+12
3.6050 0.10070335 3.9601e+12
3.6100 0.10235448 4.0250e+12
3.6150 0.10400516 4.0899e+12
3.6200 0.10565399 4.1548e+12
3.6250 0.10730281 4.2196e+12
3.6300 0.10895164 4.2844e+12
3.6350 0.11083809 4.3586e+12
3.6400 0.11274706 4.4337e+12
3.6450 0.11465604 4.5088e+12
3.6500 0.11651788 4.5820e+12
3.6550 0.11836437 4.6546e+12
3.6600 0.12021087 4.7272e+12
3.6650 0.12199932 4.7975e+12
3.6700 0.12376365 4.8669e+12
3.6750 0.12552798 4.9363e+12
3.6800 0.12767706 5.0208e+12
3.6850 0.12994638 5.1100e+12
3.6900 0.13221569 5.1993e+12
3.6950 0.13415424 5.2755e+12
3.7000 0.13606159 5.3505e+12
3.7050 0.13804352 5.4284e+12
3.7100 0.14042837 5.5222e+12
3.7150 0.14281323 5.6160e+12
3.7200 0.14494229 5.6997e+12
3.7250 0.14679798 5.7727e+12
3.7300 0.14865367 5.8457e+12
3.7350 0.15113038 5.9431e+12
3.7400 0.15368355 6.0435e+12
3.7450 0.15608018 6.1377e+12
3.7500 0.15821316 6.2216e+12
3.7550 0.16034614 6.3055e+12
3.7600 0.16282837 6.4031e+12
3.7650 0.16533865 6.5018e+12
3.7700 0.16790158 6.6026e+12
3.7750 0.17050833 6.7051e+12
3.7800 0.17298923 6.8027e+12
3.7850 0.17504747 6.8836e+12
3.7900 0.17710571 6.9645e+12
3.7950 0.17966672 7.0652e+12
3.8000 0.18224155 7.1665e+12
3.8050 0.18500644 7.2752e+12
3.8100 0.18782677 7.3861e+12
3.8150 0.19048193 7.4905e+12
3.8200 0.19303982 7.5911e+12
3.8250 0.19575840 7.6980e+12
3.8300 0.19861593 7.8104e+12
3.8350 0.20173946 7.9332e+12
3.8400 0.20513715 8.0668e+12
3.8450 0.20779731 8.1715e+12
3.8500 0.20970691 8.2465e+12
3.8550 0.21204139 8.3384e+12
3.8600 0.21473249 8.4442e+12
3.8650 0.21796010 8.5711e+12
3.8700 0.22149664 8.7102e+12
3.8750 0.22398353 8.8080e+12
3.8800 0.22615081 8.8932e+12
3.8850 0.22956462 9.0274e+12
3.8900 0.23301511 9.1631e+12
3.8950 0.23619951 9.2883e+12
3.9000 0.23915028 9.4044e+12
3.9050 0.24173893 9.5062e+12
3.9100 0.24463944 9.6202e+12
3.9150 0.24769210 9.7403e+12
3.9200 0.25059207 9.8543e+12
3.9250 0.25357104 9.9715e+12
3.9300 0.25671425 1.0095e+13
3.9350 0.26014750 1.0230e+13
3.9400 0.26363147 1.0367e+13
3.9450 0.26657522 1.0483e+13
3.9500 0.26991599 1.0614e+13
3.9550 0.27358379 1.0758e+13
3.9600 0.27727797 1.0904e+13
3.9650 0.28084249 1.1044e+13
3.9700 0.28427676 1.1179e+13
3.9750 0.28765597 1.1312e+13
3.9800 0.29077455 1.1434e+13
3.9850 0.29380513 1.1554e+13
3.9900 0.29771552 1.1707e+13
3.9950 0.30115141 1.1843e+13
4.0000 0.30488983 1.1990e+13
4.0050 0.30969689 1.2179e+13
4.0100 0.31342972 1.2325e+13
4.0150 0.31695142 1.2464e+13
4.0200 0.32047105 1.2602e+13
4.0250 0.32425016 1.2751e+13
4.0300 0.32810968 1.2903e+13
4.0350 0.33098943 1.3016e+13
4.0400 0.33427873 1.3145e+13
4.0450 0.33877331 1.3322e+13
4.0500 0.34324868 1.3498e+13
4.0550 0.34602660 1.3607e+13
4.0600 0.34983549 1.3757e+13
4.0650 0.35430367 1.3933e+13
4.0700 0.35847742 1.4097e+13
4.0750 0.36215679 1.4242e+13
4.0800 0.36795606 1.4470e+13
4.0850 0.37218382 1.4636e+13
4.0900 0.37512731 1.4752e+13
4.0950 0.37923699 1.4913e+13
4.1000 0.38323238 1.5070e+13
4.1050 0.38674587 1.5208e+13
4.1100 0.39057975 1.5359e+13
4.1150 0.39348837 1.5474e+13
4.1200 0.39670369 1.5600e+13
4.1250 0.40298212 1.5847e+13
4.1300 0.40720718 1.6013e+13
4.1350 0.41050206 1.6143e+13
4.1400 0.41437620 1.6295e+13
4.1450 0.41876590 1.6468e+13
4.1500 0.42261217 1.6619e+13
4.1550 0.42501498 1.6713e+13
4.1600 0.42938168 1.6885e+13
4.1650 0.43277238 1.7018e+13
4.1700 0.43817776 1.7231e+13
4.1750 0.44285864 1.7415e+13
4.1800 0.44532236 1.7512e+13
4.1850 0.45122996 1.7744e+13
4.1900 0.45382371 1.7846e+13
4.1950 0.46104392 1.8130e+13
4.2000 0.46300539 1.8207e+13
4.2050 0.46728468 1.8376e+13
4.2100 0.47276171 1.8591e+13
4.2150 0.47754107 1.8779e+13
4.2200 0.48405430 1.9035e+13
4.2250 0.48698826 1.9150e+13
4.2300 0.49132113 1.9321e+13
4.2350 0.49281972 1.9380e+13
4.2400 0.49876282 1.9613e+13
4.2450 0.50409583 1.9823e+13
4.2500 0.50932335 2.0029e+13
4.2550 0.51245336 2.0152e+13
4.2600 0.51419305 2.0220e+13
4.2650 0.52272823 2.0556e+13
4.2700 0.52446893 2.0624e+13
4.2750 0.53064301 2.0867e+13
4.2800 0.53448882 2.1018e+13
4.2850 0.53553978 2.1060e+13
4.2900 0.53947202 2.1214e+13
4.2950 0.54364254 2.1378e+13
4.3000 0.54854337 2.1571e+13
4.3050 0.55496776 2.1824e+13
4.3100 0.55892065 2.1979e+13
4.3150 0.56054458 2.2043e+13
4.3200 0.56692007 2.2294e+13
4.3250 0.57375412 2.2562e+13
4.3300 0.57575598 2.2641e+13
4.3350 0.58182046 2.2880e+13
4.3400 0.58164469 2.2873e+13
4.3450 0.58554068 2.3026e+13
4.3500 0.59196973 2.3279e+13
4.3550 0.59618069 2.3444e+13
4.3600 0.60017986 2.3602e+13
4.3650 0.60492105 2.3788e+13
4.3700 0.61157825 2.4050e+13
4.3750 0.61621826 2.4232e+13
4.3800 0.61712896 2.4268e+13
4.3850 0.62234379 2.4473e+13
4.3900 0.62722034 2.4665e+13
4.3950 0.63155117 2.4835e+13
4.4000 0.63991225 2.5164e+13
4.4050 0.64306029 2.5288e+13
4.4100 0.65310525 2.5683e+13
4.4150 0.65182889 2.5633e+13
4.4200 0.66311072 2.6076e+13
4.4250 0.66486933 2.6145e+13
4.4300 0.66682295 2.6222e+13
4.4350 0.67941192 2.6717e+13
4.4400 0.67674950 2.6613e+13
4.4450 0.68524694 2.6947e+13
4.4500 0.68874842 2.7084e+13
4.4550 0.69418470 2.7298e+13
4.4600 0.69659639 2.7393e+13
4.4650 0.69950491 2.7507e+13
4.4700 0.71074029 2.7949e+13
4.4750 0.71256599 2.8021e+13
4.4800 0.71601346 2.8157e+13
4.4850 0.71818287 2.8242e+13
4.4900 0.73014160 2.8712e+13
4.4950 0.73638006 2.8958e+13
4.5000 0.74122508 2.9148e+13
4.5050 0.74072727 2.9128e+13
4.5100 0.74734907 2.9389e+13
4.5150 0.75285870 2.9606e+13
4.5200 0.75409942 2.9654e+13
4.5250 0.75305995 2.9613e+13
4.5300 0.75953269 2.9868e+13
4.5350 0.76496663 3.0082e+13
4.5400 0.76698542 3.0161e+13
4.5450 0.77308395 3.0401e+13
4.5500 0.77639946 3.0531e+13
4.5550 0.77257913 3.0381e+13
4.5600 0.77256075 3.0380e+13
4.5650 0.78916533 3.1033e+13
4.5700 0.79140370 3.1121e+13
4.5750 0.79809832 3.1385e+13
4.5800 0.81863448 3.2192e+13
4.5850 0.83098715 3.2678e+13
4.5900 0.85799105 3.3740e+13
4.5950 0.87709506 3.4491e+13
4.6000 0.93070802 3.6599e+13
4.6050 0.97745320 3.8438e+13
4.6100 1.05617915 4.1533e+13
4.6150 1.15964724 4.5602e+13
4.6200 1.26231150 4.9639e+13
4.6250 1.40216017 5.5139e+13
4.6300 1.53723192 6.0450e+13
4.6350 1.72210725 6.7720e+13
4.6400 1.89391656 7.4477e+13
4.6450 2.07203202 8.1481e+13
4.6500 2.24616389 8.8329e+13
4.6550 2.37002135 9.3199e+13
4.6600 2.46784123 9.7046e+13
4.6650 2.53563606 9.9712e+13
4.6700 2.54966344 1.0026e+14
4.6750 2.53556619 9.9709e+13
4.6800 2.49076243 9.7947e+13
4.6850 2.42565904 9.5387e+13
4.6900 2.30754524 9.0742e+13
4.6950 2.18843201 8.6058e+13
4.7000 2.08175050 8.1863e+13
4.7050 1.97704329 7.7746e+13
4.7100 1.86225950 7.3232e+13
4.7150 1.77781016 6.9911e+13
4.7200 1.66919218 6.5640e+13
4.7250 1.60510353 6.3119e+13
4.7300 1.53407548 6.0326e+13
4.7350 1.44629868 5.6874e+13
4.7400 1.40168482 5.5120e+13
4.7450 1.33183397 5.2373e+13
4.7500 1.27967224 5.0322e+13
4.7550 1.25274671 4.9263e+13
4.7600 1.20799931 4.7504e+13
4.7650 1.17618631 4.6253e+13
4.7700 1.12418519 4.4208e+13
4.7750 1.09302950 4.2982e+13
4.7800 1.05555530 4.1509e+13
4.7850 1.02746078 4.0404e+13
4.7900 0.99074734 3.8960e+13
4.7950 0.96639096 3.8003e+13
4.8000 0.93529257 3.6780e+13
4.8050 0.92277471 3.6287e+13
4.8100 0.88280980 3.4716e+13
4.8150 0.85935507 3.3793e+13
4.8200 0.84469959 3.3217e+13
4.8250 0.82593729 3.2479e+13
4.8300 0.81515729 3.2055e+13
4.8350 0.78153654 3.0733e+13
4.8400 0.77031907 3.0292e+13
4.8450 0.75624924 2.9739e+13
4.8500 0.75213472 2.9577e+13
4.8550 0.73783716 2.9015e+13
4.8600 0.73160890 2.8770e+13
4.8650 0.70892366 2.7878e+13
4.8700 0.68973764 2.7123e+13
4.8750 0.68313469 2.6864e+13
4.8800 0.67593632 2.6581e+13
4.8850 0.64635525 2.5417e+13
4.8900 0.63208755 2.4856e+13
4.8950 0.63197591 2.4852e+13
4.9000 0.62569432 2.4605e+13
4.9050 0.60968296 2.3975e+13
4.9100 0.64684720 2.5437e+13
4.9150 0.64565395 2.5390e+13
4.9200 0.66099532 2.5993e+13
4.9250 0.69177033 2.7203e+13
4.9300 0.75538190 2.9705e+13
4.9350 0.82490063 3.2439e+13
4.9400 0.91333559 3.5916e+13
4.9450 0.99300625 3.9049e+13
4.9500 1.09642835 4.3116e+13
4.9550 1.14059208 4.4853e+13
4.9600 1.19188886 4.6870e+13
4.9650 1.18485923 4.6594e+13
4.9700 1.16541436 4.5829e+13
4.9750 1.08497776 4.2666e+13
4.9800 1.00516097 3.9527e+13
4.9850 0.92970077 3.6560e+13
4.9900 0.81037831 3.1867e+13
4.9950 0.74693305 2.9373e+13
5.0000 0.68153411 2.6801e+13
5.0050 0.63426262 2.4942e+13
5.0100 0.56891404 2.2372e+13
5.0150 0.52766455 2.0750e+13
5.0200 0.47338595 1.8616e+13
5.0250 0.44579928 1.7531e+13
5.0300 0.41614534 1.6365e+13
5.0350 0.40271743 1.5837e+13
5.0400 0.37920060 1.4912e+13
5.0450 0.36479907 1.4345e+13
5.0500 0.32957387 1.2960e+13
5.0550 0.32286539 1.2696e+13
5.0600 0.33166148 1.3042e+13
5.0650 0.30400289 1.1955e+13
5.0700 0.27884698 1.0965e+13
5.0750 0.27132842 1.0670e+13
5.0800 0.25653042 1.0088e+13
5.0850 0.25753721 1.0127e+13
5.0900 0.25382341 9.9814e+12
5.0950 0.22516852 8.8546e+12
5.1000 0.21563135 8.4795e+12
5.1050 0.24364915 9.5813e+12
5.1100 0.25384758 9.9823e+12
5.1150 0.25877714 1.0176e+13
5.1200 0.30461109 1.1979e+13
5.1250 0.32115836 1.2629e+13
5.1300 0.35343752 1.3899e+13
5.1350 0.33443402 1.3151e+13
5.1400 0.33078896 1.3008e+13
5.1450 0.29182418 1.1476e+13
5.1500 0.27326897 1.0746e+13
5.1550 0.25698186 1.0106e+13
5.1600 0.21407992 8.4185e+12
5.1650 0.18760477 7.3774e+12
5.1700 0.15466266 6.0820e+12
5.1750 0.16580045 6.5200e+12
5.1800 0.13833330 5.4398e+12
5.1850 0.11429841 4.4947e+12
5.1900 0.10757745 4.2304e+12
5.1950 0.09968773 3.9201e+12
5.2000 0.09416442 3.7029e+12
5.2050 0.07679443 3.0199e+12
5.2100 0.08159467 3.2086e+12
5.2150 0.07759128 3.0512e+12
5.2200 0.07309952 2.8746e+12
5.2250 0.06924953 2.7232e+12
5.2300 0.07373895 2.8997e+12
5.2350 0.06473136 2.5455e+12
5.2400 0.06962521 2.7380e+12
5.2450 0.07526009 2.9595e+12
5.2500 0.07250507 2.8512e+12
5.2550 0.08510909 3.3468e+12
5.2600 0.08014312 3.1516e+12
5.2650 0.08778079 3.4519e+12
5.2700 0.06746482 2.6530e+12
5.2750 0.06192672 2.4352e+12
5.2800 0.05034977 1.9800e+12
5.2850 0.04550309 1.7894e+12
5.2900 0.03304833 1.2996e+12
5.2950 0.03550650 1.3963e+12
5.3000 0.02820995 1.1093e+12
5.3050 0.01876485 7.3791e+11
5.3100 0.02218977 8.7259e+11
5.3150 0.01522717 5.9880e+11
5.3200 0.01506733 5.9251e+11
5.3250 0.01790866 7.0424e+11
5.3300 0.02025744 7.9661e+11
5.3350 0.01078612 4.2415e+11
5.3400 0.01783553 7.0137e+11
5.3450 0.01709999 6.7244e+11
5.3500 0.01309501 5.1495e+11
5.3550 0.02081459 8.1852e+11
5.3600 0.01284441 5.0510e+11
5.3650 0.01186108 4.6643e+11
5.3700 0.00637868 2.5084e+11
5.3750 0.01064835 4.1874e+11
5.3800 0.00641249 2.5217e+11
5.3850 0.00616725 2.4252e+11
5.3900 0.00701843 2.7599e+11
5.3950 0.00452711 1.7802e+11
5.4000 0.00273729 1.0764e+11
5.4050 0.00276926 1.0890e+11
5.4100 0.00455297 1.7904e+11
5.4150 0.00859628 3.3804e+11
5.4200 0.00377868 1.4859e+11
5.4250 0.00393779 1.5485e+11
5.4300 0.00389173 1.5304e+11
5.4350 0.00377026 1.4826e+11
5.4400 0.00476377 1.8733e+11
5.4450 0.00394794 1.5525e+11
5.4500 0.00201995 7.9433e+10
5.4550 0.00206700 8.1283e+10
5.4600 0.00551267 2.1678e+11
5.4650 0.00372658 1.4654e+11
5.4700 0.00221484 8.7097e+10
5.4750 0.00453285 1.7825e+11
5.4800 0.00231924 9.1202e+10
5.4850 0.00237325 9.3326e+10
5.4900 0.00242851 9.5499e+10
5.4950 0.00248509 9.7724e+10
5.5000 0.00254298 1.0000e+11
5.5050 0.00397639 1.5637e+11
5.5100 0.00266282 1.0471e+11
5.5150 0.00415130 1.6325e+11
5.5200 0.00364748 1.4343e+11
5.5250 0.00285341 1.1221e+11
5.5300 0.00292024 1.1484e+11
5.5350 0.00298781 1.1749e+11
5.5400 0.00305814 1.2026e+11
5.5450 0.00312855 1.2303e+11
5.5500 0.00320188 1.2591e+11
5.5550 0.00327698 1.2886e+11
5.5600 0.00335230 1.3183e+11
5.5650 0.00343163 1.3495e+11
5.5700 0.00351157 1.3809e+11
5.5750 0.00000000 0.0000e+00
5.5800 0.00000000 0.0000e+00
5.5850 0.00000000 0.0000e+00
5.5900 0.00000000 0.0000e+00
5.5950 0.00000000 0.0000e+00
5.6000 0.00000000 0.0000e+00
5.6050 0.00000000 0.0000e+00
5.6100 0.00000000 0.0000e+00
5.6150 0.00000000 0.0000e+00
5.6200 0.00000000 0.0000e+00
5.6250 0.00000000 0.0000e+00
5.6300 0.00000000 0.0000e+00
5.6350 0.00000000 0.0000e+00
5.6400 0.00000000 0.0000e+00
5.6450 0.00000000 0.0000e+00
5.6500 0.00000000 0.0000e+00
5.6550 0.00000000 0.0000e+00
5.6600 0.00000000 0.0000e+00
5.6650 0.00000000 0.0000e+00
5.6700 0.00000000 0.0000e+00
5.6750 0.00000000 0.0000e+00
5.6800 0.00000000 0.0000e+00
5.6850 0.00000000 0.0000e+00
5.6900 0.00000000 0.0000e+00
5.6950 0.00000000 0.0000e+00
5.7000 0.00000000 0.0000e+00
5.7050 0.00000000 0.0000e+00
5.7100 0.00000000 0.0000e+00
5.7150 0.00000000 0.0000e+00
5.7200 0.00000000 0.0000e+00
5.7250 0.00000000 0.0000e+00
5.7300 0.00000000 0.0000e+00
5.7350 0.00000000 0.0000e+00
5.7400 0.00000000 0.0000e+00
5.7450 0.00000000 0.0000e+00
5.7500 0.00000000 0.0000e+00
5.7550 0.00000000 0.0000e+00
5.7600 0.00000000 0.0000e+00
5.7650 0.00000000 0.0000e+00
5.7700 0.00000000 0.0000e+00
5.7750 0.00000000 0.0000e+00
5.7800 0.00000000 0.0000e+00
5.7850 0.00000000 0.0000e+00
5.7900 0.00000000 0.0000e+00
5.7950 0.00000000 0.0000e+00
5.8000 0.00000000 0.0000e+00
5.8050 0.00000000 0.0000e+00
5.8100 0.00000000 0.0000e+00
5.8150 0.00000000 0.0000e+00
5.8200 0.00000000 0.0000e+00
5.8250 0.00000000 0.0000e+00
5.8300 0.00000000 0.0000e+00
5.8350 0.00000000 0.0000e+00
5.8400 0.00000000 0.0000e+00
5.8450 0.00000000 0.0000e+00
5.8500 0.00000000 0.0000e+00
5.8550 0.00000000 0.0000e+00
5.8600 0.00000000 0.0000e+00
5.8650 0.00000000 0.0000e+00
5.8700 0.00000000 0.0000e+00
5.8750 0.00000000 0.0000e+00
5.8800 0.00000000 0.0000e+00
5.8850 0.00000000 0.0000e+00
5.8900 0.00000000 0.0000e+00
5.8950 0.00000000 0.0000e+00
5.9000 0.00000000 0.0000e+00
5.9050 0.00000000 0.0000e+00
5.9100 0.00000000 0.0000e+00
5.9150 0.00000000 0.0000e+00
5.9200 0.00000000 0.0000e+00
5.9250 0.00000000 0.0000e+00
5.9300 0.00000000 0.0000e+00
5.9350 0.00000000 0.0000e+00
5.9400 0.00000000 0.0000e+00
5.9450 0.00000000 0.0000e+00
5.9500 0.00000000 0.0000e+00
5.9550 0.00000000 0.0000e+00
5.9600 0.00000000 0.0000e+00
5.9650 0.00000000 0.0000e+00
5.9700 0.00000000 0.0000e+00
5.9750 0.00000000 0.0000e+00
5.9800 0.00000000 0.0000e+00
5.9850 0.00000000 0.0000e+00
5.9900 0.00000000 0.0000e+00
5.9950 0.00000000 0.0000e+00
6.0000 0.00000000 0.0000e+00
6.0050 0.00000000 0.0000e+00
6.0100 0.00000000 0.0000e+00
6.0150 0.00000000 0.0000e+00
6.0200 0.00000000 0.0000e+00
6.0250 0.00000000 0.0000e+00
6.0300 0.00000000 0.0000e+00
6.0350 0.00000000 0.0000e+00
6.0400 0.00000000 0.0000e+00
6.0450 0.00000000 0.0000e+00
6.0500 0.00000000 0.0000e+00
6.0550 0.00000000 0.0000e+00
6.0600 0.00000000 0.0000e+00
6.0650 0.00000000 0.0000e+00
6.0700 0.00000000 0.0000e+00
6.0750 0.00000000 0.0000e+00
6.0800 0.00000000 0.0000e+00
6.0850 0.00000000 0.0000e+00
6.0900 0.00000000 0.0000e+00
6.0950 0.00000000 0.0000e+00
6.1000 0.00000000 0.0000e+00
6.1050 0.00000000 0.0000e+00
6.1100 0.00000000 0.0000e+00
6.1150 0.00000000 0.0000e+00
6.1200 0.00000000 0.0000e+00
6.1250 0.00000000 0.0000e+00
6.1300 0.00000000 0.0000e+00
6.1350 0.00000000 0.0000e+00
6.1400 0.00000000 0.0000e+00
6.1450 0.00000000 0.0000e+00
6.1500 0.00000000 0.0000e+00
6.1550 0.00000000 0.0000e+00
6.1600 0.00000000 0.0000e+00
6.1650 0.00000000 0.0000e+00
6.1700 0.00000000 0.0000e+00
6.1750 0.00000000 0.0000e+00
6.1800 0.00000000 0.0000e+00
6.1850 0.00000000 0.0000e+00
6.1900 0.00000000 0.0000e+00
6.1950 0.00000000 0.0000e+00
6.2000 0.00000000 0.0000e+00
6.2050 0.00000000 0.0000e+00
6.2100 0.00000000 0.0000e+00
6.2150 0.00000000 0.0000e+00
6.2200 0.00000000 0.0000e+00
6.2250 0.00000000 0.0000e+00
6.2300 0.00000000 0.0000e+00
6.2350 0.00000000 0.0000e+00
6.2400 0.00000000 0.0000e+00
6.2450 0.00000000 0.0000e+00
6.2500 0.00000000 0.0000e+00
6.2550 0.00000000 0.0000e+00
6.2600 0.00000000 0.0000e+00
6.2650 0.00000000 0.0000e+00
6.2700 0.00000000 0.0000e+00
6.2750 0.00000000 0.0000e+00
6.2800 0.00000000 0.0000e+00
6.2850 0.00000000 0.0000e+00
6.2900 0.00000000 0.0000e+00
6.2950 0.00000000 0.0000e+00
6.3000 0.00000000 0.0000e+00
6.3050 0.00000000 0.0000e+00
6.3100 0.00000000 0.0000e+00
6.3150 0.00000000 0.0000e+00
6.3200 0.00000000 0.0000e+00
6.3250 0.00000000 0.0000e+00
6.3300 0.00000000 0.0000e+00
6.3350 0.00000000 0.0000e+00
6.3400 0.00000000 0.0000e+00
6.3450 0.00000000 0.0000e+00
6.3500 0.00000000 0.0000e+00
6.3550 0.00000000 0.0000e+00
6.3600 0.00000000 0.0000e+00
6.3650 0.00000000 0.0000e+00
6.3700 0.00000000 0.0000e+00
6.3750 0.00000000 0.0000e+00
6.3800 0.00000000 0.0000e+00
6.3850 0.00000000 0.0000e+00
6.3900 0.00000000 0.0000e+00
6.3950 0.00000000 0.0000e+00
6.4000 0.00000000 0.0000e+00
6.4050 0.00000000 0.0000e+00
6.4100 0.00000000 0.0000e+00
6.4150 0.00000000 0.0000e+00
6.4200 0.00000000 0.0000e+00
6.4250 0.00000000 0.0000e+00
6.4300 0.00000000 0.0000e+00
6.4350 0.00000000 0.0000e+00
6.4400 0.00000000 0.0000e+00
6.4450 0.00000000 0.0000e+00
6.4500 0.00000000 0.0000e+00
6.4550 0.00000000 0.0000e+00
6.4600 0.00000000 0.0000e+00
6.4650 0.00000000 0.0000e+00
6.4700 0.00000000 0.0000e+00
6.4750 0.00000000 0.0000e+00
6.4800 0.00000000 0.0000e+00
6.4850 0.00000000 0.0000e+00
6.4900 0.00000000 0.0000e+00
6.4950 0.00000000 0.0000e+00
6.5000 0.00000000 0.0000e+00
6.5050 0.00000000 0.0000e+00
6.5100 0.00000000 0.0000e+00
6.5150 0.00000000 0.0000e+00
6.5200 0.00000000 0.0000e+00
6.5250 0.00000000 0.0000e+00
6.5300 0.00000000 0.0000e+00
6.5350 0.00000000 0.0000e+00
6.5400 0.00000000 0.0000e+00
6.5450 0.00000000 0.0000e+00
6.5500 0.00000000 0.0000e+00
6.5550 0.00000000 0.0000e+00
6.5600 0.00000000 0.0000e+00
6.5650 0.00000000 0.0000e+00
6.5700 0.00000000 0.0000e+00
6.5750 0.00000000 0.0000e+00
6.5800 0.00000000 0.0000e+00
6.5850 0.00000000 0.0000e+00
6.5900 0.00000000 0.0000e+00
6.5950 0.00000000 0.0000e+00
6.6000 0.00000000 0.0000e+00
6.6050 0.00000000 0.0000e+00
6.6100 0.00000000 0.0000e+00
6.6150 0.00000000 0.0000e+00
6.6200 0.00000000 0.0000e+00
6.6250 0.00000000 0.0000e+00
6.6300 0.00000000 0.0000e+00
6.6350 0.00000000 0.0000e+00
6.6400 0.00000000 0.0000e+00
6.6450 0.00000000 0.0000e+00
6.6500 0.00000000 0.0000e+00
6.6550 0.00000000 0.0000e+00
6.6600 0.00000000 0.0000e+00
6.6650 0.00000000 0.0000e+00
6.6700 0.00000000 0.0000e+00
6.6750 0.00000000 0.0000e+00
6.6800 0.00000000 0.0000e+00
6.6850 0.00000000 0.0000e+00
6.6900 0.00000000 0.0000e+00
6.6950 0.00000000 0.0000e+00
6.7000 0.00000000 0.0000e+00
6.7050 0.00000000 0.0000e+00
6.7100 0.00000000 0.0000e+00
6.7150 0.00000000 0.0000e+00
6.7200 0.00000000 0.0000e+00
6.7250 0.00000000 0.0000e+00
6.7300 0.00000000 0.0000e+00
6.7350 0.00000000 0.0000e+00
6.7400 0.00000000 0.0000e+00
6.7450 0.00000000 0.0000e+00
6.7500 0.00000000 0.0000e+00
6.7550 0.00000000 0.0000e+00
6.7600 0.00000000 0.0000e+00
6.7650 0.00000000 0.0000e+00
6.7700 0.00000000 0.0000e+00
6.7750 0.00000000 0.0000e+00
6.7800 0.00000000 0.0000e+00
6.7850 0.00000000 0.0000e+00
6.7900 0.00000000 0.0000e+00
6.7950 0.00000000 0.0000e+00
6.8000 0.00000000 0.0000e+00
6.8050 0.00000000 0.0000e+00
6.8100 0.00000000 0.0000e+00
6.8150 0.00000000 0.0000e+00
6.8200 0.00000000 0.0000e+00
6.8250 0.00000000 0.0000e+00
6.8300 0.00000000 0.0000e+00
6.8350 0.00000000 0.0000e+00
6.8400 0.00000000 0.0000e+00
6.8450 0.00000000 0.0000e+00
6.8500 0.00000000 0.0000e+00
6.8550 0.00000000 0.0000e+00
6.8600 0.00000000 0.0000e+00
6.8650 0.00000000 0.0000e+00
6.8700 0.00000000 0.0000e+00
6.8750 0.00000000 0.0000e+00
6.8800 0.00000000 0.0000e+00
6.8850 0.00000000 0.0000e+00
6.8900 0.00000000 0.0000e+00
6.8950 0.00000000 0.0000e+00
6.9000 0.00000000 0.0000e+00
6.9050 0.00000000 0.0000e+00
6.9100 0.00000000 0.0000e+00
6.9150 0.00000000 0.0000e+00
6.9200 0.00000000 0.0000e+00
6.9250 0.00000000 0.0000e+00
6.9300 0.00000000 0.0000e+00
6.9350 0.00000000 0.0000e+00
6.9400 0.00000000 0.0000e+00
6.9450 0.00000000 0.0000e+00
6.9500 0.00000000 0.0000e+00
6.9550 0.00000000 0.0000e+00
6.9600 0.00000000 0.0000e+00
6.9650 0.00000000 0.0000e+00
6.9700 0.00000000 0.0000e+00
6.9750 0.00000000 0.0000e+00
6.9800 0.00000000 0.0000e+00
6.9850 0.00000000 0.0000e+00
6.9900 0.00000000 0.0000e+00
6.9950 0.00000000 0.0000e+00
7.0000 0.00000000 0.0000e+00
7.0050 0.00000000 0.0000e+00
7.0100 0.00000000 0.0000e+00
7.0150 0.00000000 0.0000e+00
7.0200 0.00000000 0.0000e+00
7.0250 0.00000000 0.0000e+00
7.0300 0.00000000 0.0000e+00
7.0350 0.00000000 0.0000e+00
7.0400 0.00000000 0.0000e+00
7.0450 0.00000000 0.0000e+00
7.0500 0.00000000 0.0000e+00
7.0550 0.00000000 0.0000e+00
7.0600 0.00000000 0.0000e+00
7.0650 0.00000000 0.0000e+00
7.0700 0.00000000 0.0000e+00
7.0750 0.00000000 0.0000e+00
7.0800 0.00000000 0.0000e+00
7.0850 0.00000000 0.0000e+00
7.0900 0.00000000 0.0000e+00
7.0950 0.00000000 0.0000e+00
7.1000 0.00000000 0.0000e+00
7.1050 0.00000000 0.0000e+00
7.1100 0.00000000 0.0000e+00
7.1150 0.00000000 0.0000e+00
7.1200 0.00000000 0.0000e+00
7.1250 0.00000000 0.0000e+00
7.1300 0.00000000 0.0000e+00
7.1350 0.00000000 0.0000e+00
7.1400 0.00000000 0.0000e+00
7.1450 0.00000000 0.0000e+00
7.1500 0.00000000 0.0000e+00
7.1550 0.00000000 0.0000e+00
7.1600 0.00000000 0.0000e+00
7.1650 0.00000000 0.0000e+00
7.1700 0.00000000 0.0000e+00
7.1750 0.00000000 0.0000e+00
7.1800 0.00000000 0.0000e+00
7.1850 0.00000000 0.0000e+00
7.1900 0.00000000 0.0000e+00
7.1950 0.00000000 0.0000e+00
7.2000 0.00000000 0.0000e+00
7.2050 0.00000000 0.0000e+00
7.2100 0.00000000 0.0000e+00
7.2150 0.00000000 0.0000e+00
7.2200 0.00000000 0.0000e+00
7.2250 0.00000000 0.0000e+00
7.2300 0.00000000 0.0000e+00
7.2350 0.00000000 0.0000e+00
7.2400 0.00000000 0.0000e+00
7.2450 0.00000000 0.0000e+00
7.2500 0.00000000 0.0000e+00
7.2550 0.00000000 0.0000e+00
7.2600 0.00000000 0.0000e+00
7.2650 0.00000000 0.0000e+00
7.2700 0.00000000 0.0000e+00
7.2750 0.00000000 0.0000e+00
7.2800 0.00000000 0.0000e+00
7.2850 0.00000000 0.0000e+00
7.2900 0.00000000 0.0000e+00
7.2950 0.00000000 0.0000e+00
7.3000 0.00000000 0.0000e+00
7.3050 0.00000000 0.0000e+00
7.3100 0.00000000 0.0000e+00
7.3150 0.00000000 0.0000e+00
7.3200 0.00000000 0.0000e+00
7.3250 0.00000000 0.0000e+00
7.3300 0.00000000 0.0000e+00
7.3350 0.00000000 0.0000e+00
7.3400 0.00000000 0.0000e+00
7.3450 0.00000000 0.0000e+00
7.3500 0.00000000 0.0000e+00
7.3550 0.00000000 0.0000e+00
7.3600 0.00000000 0.0000e+00
7.3650 0.00000000 0.0000e+00
7.3700 0.00000000 0.0000e+00
7.3750 0.00000000 0.0000e+00
7.3800 0.00000000 0.0000e+00
7.3850 0.00000000 0.0000e+00
7.3900 0.00000000 0.0000e+00
7.3950 0.00000000 0.0000e+00
7.4000 0.00000000 0.0000e+00
7.4050 0.00000000 0.0000e+00
7.4100 0.00000000 0.0000e+00
7.4150 0.00000000 0.0000e+00
7.4200 0.00000000 0.0000e+00
7.4250 0.00000000 0.0000e+00
7.4300 0.00000000 0.0000e+00
7.4350 0.00000000 0.0000e+00
7.4400 0.00000000 0.0000e+00
7.4450 0.00000000 0.0000e+00
7.4500 0.00000000 0.0000e+00
7.4550 0.00000000 0.0000e+00
7.4600 0.00000000 0.0000e+00
7.4650 0.00000000 0.0000e+00
7.4700 0.00000000 0.0000e+00
7.4750 0.00000000 0.0000e+00
7.4800 0.00000000 0.0000e+00
7.4850 0.00000000 0.0000e+00
7.4900 0.00000000 0.0000e+00
7.4950 0.00000000 0.0000e+00
7.5000 0.00000000 0.0000e+00
7.5050 0.00000000 0.0000e+00
7.5100 0.00000000 0.0000e+00
7.5150 0.00000000 0.0000e+00
7.5200 0.00000000 0.0000e+00
7.5250 0.00000000 0.0000e+00
7.5300 0.00000000 0.0000e+00
7.5350 0.00000000 0.0000e+00
7.5400 0.00000000 0.0000e+00
7.5450 0.00000000 0.0000e+00
7.5500 0.00000000 0.0000e+00
7.5550 0.00000000 0.0000e+00
7.5600 0.00000000 0.0000e+00
7.5650 0.00000000 0.0000e+00
7.5700 0.00000000 0.0000e+00
7.5750 0.00000000 0.0000e+00
7.5800 0.00000000 0.0000e+00
7.5850 0.00000000 0.0000e+00
7.5900 0.00000000 0.0000e+00
7.5950 0.00000000 0.0000e+00
7.6000 0.00000000 0.0000e+00
7.6050 0.00000000 0.0000e+00
7.6100 0.00000000 0.0000e+00
7.6150 0.00000000 0.0000e+00
7.6200 0.00000000 0.0000e+00
7.6250 0.00000000 0.0000e+00
7.6300 0.00000000 0.0000e+00
7.6350 0.00000000 0.0000e+00
7.6400 0.00000000 0.0000e+00
7.6450 0.00000000 0.0000e+00
7.6500 0.00000000 0.0000e+00
7.6550 0.00000000 0.0000e+00
7.6600 0.00000000 0.0000e+00
7.6650 0.00000000 0.0000e+00
7.6700 0.00000000 0.0000e+00
7.6750 0.00000000 0.0000e+00
7.6800 0.00000000 0.0000e+00
7.6850 0.00000000 0.0000e+00
7.6900 0.00000000 0.0000e+00
7.6950 0.00000000 0.0000e+00
7.7000 0.00000000 0.0000e+00
7.7050 0.00000000 0.0000e+00
7.7100 0.00000000 0.0000e+00
7.7150 0.00000000 0.0000e+00
7.7200 0.00000000 0.0000e+00
7.7250 0.00000000 0.0000e+00
7.7300 0.00000000 0.0000e+00
7.7350 0.00000000 0.0000e+00
7.7400 0.00000000 0.0000e+00
7.7450 0.00000000 0.0000e+00
7.7500 0.00000000 0.0000e+00
7.7550 0.00000000 0.0000e+00
7.7600 0.00000000 0.0000e+00
7.7650 0.00000000 0.0000e+00
7.7700 0.00000000 0.0000e+00
7.7750 0.00000000 0.0000e+00
7.7800 0.00000000 0.0000e+00
7.7850 0.00000000 0.0000e+00
7.7900 0.00000000 0.0000e+00
7.7950 0.00000000 0.0000e+00
7.8000 0.00000000 0.0000e+00
7.8050 0.00000000 0.0000e+00
7.8100 0.00000000 0.0000e+00
7.8150 0.00000000 0.0000e+00
7.8200 0.00000000 0.0000e+00
7.8250 0.00000000 0.0000e+00
7.8300 0.00000000 0.0000e+00
7.8350 0.00000000 0.0000e+00
7.8400 0.00000000 0.0000e+00
7.8450 0.00000000 0.0000e+00
7.8500 0.00000000 0.0000e+00
7.8550 0.00000000 0.0000e+00
7.8600 0.00000000 0.0000e+00
7.8650 0.00000000 0.0000e+00
7.8700 0.00000000 0.0000e+00
7.8750 0.00000000 0.0000e+00
7.8800 0.00000000 0.0000e+00
7.8850 0.00000000 0.0000e+00
7.8900 0.00000000 0.0000e+00
7.8950 0.00000000 0.0000e+00
7.9000 0.00000000 0.0000e+00
7.9050 0.00000000 0.0000e+00
7.9100 0.00000000 0.0000e+00
7.9150 0.00000000 0.0000e+00
7.9200 0.00000000 0.0000e+00
7.9250 0.00000000 0.0000e+00
7.9300 0.00000000 0.0000e+00
7.9350 0.00000000 0.0000e+00
7.9400 0.00000000 0.0000e+00
7.9450 0.00000000 0.0000e+00
7.9500 0.00000000 0.0000e+00
7.9550 0.00000000 0.0000e+00
7.9600 0.00000000 0.0000e+00
7.9650 0.00000000 0.0000e+00
7.9700 0.00000000 0.0000e+00
7.9750 0.00000000 0.0000e+00
7.9800 0.00000000 0.0000e+00
7.9850 0.00000000 0.0000e+00
7.9900 0.00000000 0.0000e+00
7.9950 0.00000000 0.0000e+00
8.0000 0.00000000 0.0000e+00
