0.0050 0.00000000 0.0000e+00
0.0100 0.00000000 0.0000e+00
0.0150 0.00000000 0.0000e+00
0.0200 0.00000000 0.0000e+00
0.0250 0.00000000 0.0000e+00
0.0300 0.00000000 0.0000e+00
0.0350 0.00000000 0.0000e+00
0.0400 0.00000000 0.0000e+00
0.0450 0.00000000 0.0000e+00
0.0500 0.00000000 0.0000e+00
0.0550 0.00000000 0.0000e+00
0.0600 0.00000000 0.0000e+00
0.0650 0.00000000 0.0000e+00
0.0700 0.00000000 0.0000e+00
0.0750 0.00000000 0.0000e+00
0.0800 0.00000000 0.0000e+00
0.0850 0.00000000 0.0000e+00
0.0900 0.00000000 0.0000e+00
0.0950 0.00000000 0.0000e+00
0.1000 0.00000000 0.0000e+00
0.1050 0.00000000 0.0000e+00
0.1100 0.00000000 0.0000e+00
0.1150 0.00000000 0.0000e+00
0.1200 0.00000000 0.0000e+00
0.1250 0.00000000 0.0000e+00
0.1300 0.00000000 0.0000e+00
0.1350 0.00000000 0.0000e+00
0.1400 0.00000000 0.0000e+00
0.1450 0.00000000 0.0000e+00
0.1500 0.00000000 0.0000e+00
0.1550 0.00000000 0.0000e+00
0.1600 0.00000000 0.0000e+00
0.1650 0.00000000 0.0000e+00
0.1700 0.00000000 0.0000e+00
0.1750 0.00000000 0.0000e+00
0.1800 0.00000000 0.0000e+00
0.1850 0.00000000 0.0000e+00
0.1900 0.00000000 0.0000e+00
0.1950 0.00000000 0.0000e+00
0.2000 0.00000000 0.0000e+00
0.2050 0.00000000 0.0000e+00
0.2100 0.00000000 0.0000e+00
0.2150 0.00000000 0.0000e+00
0.2200 0.00000000 0.0000e+00
0.2250 0.00000000 0.0000e+00
0.2300 0.00000000 0.0000e+00
0.2350 0.00000000 0.0000e+00
0.2400 0.00000000 0.0000e+00
0.2450 0.00000000 0.0000e+00
0.2500 0.00000000 0.0000e+00
0.2550 0.00000000 0.0000e+00
0.2600 0.00000000 0.0000e+00
0.2650 0.00000000 0.0000e+00
0.2700 0.00000000 0.0000e+00
0.2750 0.00000000 0.0000e+00
0.2800 0.00000000 0.0000e+00
0.2850 0.00000000 0.0000e+00
0.2900 0.00000000 0.0000e+00
0.2950 0.00000000 0.0000e+00
0.3000 0.00000000 0.0000e+00
0.3050 0.00000000 0.0000e+00
0.3100 0.00000000 0.0000e+00
0.3150 0.00000000 0.0000e+00
0.3200 0.00000000 0.0000e+00
0.3250 0.00000000 0.0000e+00
0.3300 0.00000000 0.0000e+00
0.3350 0.00000000 0.0000e+00
0.3400 0.00000000 0.0000e+00
0.3450 0.00000000 0.0000e+00
0.3500 0.00000000 0.0000e+00
0.3550 0.00000000 0.0000e+00
0.3600 0.00000000 0.0000e+00
0.3650 0.00000000 0.0000e+00
0.3700 0.00000000 0.0000e+00
0.3750 0.00000000 0.0000e+00
0.3800 0.00000000 0.0000e+00
0.3850 0.00000000 0.0000e+00
0.3900 0.00000000 0.0000e+00
0.3950 0.00000000 0.0000e+00
0.4000 0.00000000 0.0000e+00
0.4050 0.00000000 0.0000e+00
0.4100 0.00000000 0.0000e+00
0.4150 0.00000000 0.0000e+00
0.4200 0.00000000 0.0000e+00
0.4250 0.00000000 0.0000e+00
0.4300 0.00000000 0.0000e+00
0.4350 0.00000000 0.0000e+00
0.4400 0.00000000 0.0000e+00
0.4450 0.00000000 0.0000e+00
0.4500 0.00000000 0.0000e+00
0.4550 0.00000000 0.0000e+00
0.4600 0.00000000 0.0000e+00
0.4650 0.00000000 0.0000e+00
0.4700 0.00000000 0.0000e+00
0.4750 0.00000000 0.0000e+00
0.4800 0.00000000 0.0000e+00
0.4850 0.00000000 0.0000e+00
0.4900 0.00000000 0.0000e+00
0.4950 0.00000000 0.0000e+00
0.5000 0.00000000 0.0000e+00
0.5050 0.00000000 0.0000e+00
0.5100 0.00000000 0.0000e+00
0.5150 0.00000000 0.0000e+00
0.5200 0.00000000 0.0000e+00
0.5250 0.00000000 0.0000e+00
0.5300 0.00000000 0.0000e+00
0.5350 0.00000000 0.0000e+00
0.5400 0.00000000 0.0000e+00
0.5450 0.00000000 0.0000e+00
0.5500 0.00000000 0.0000e+00
0.5550 0.00000000 0.0000e+00
0.5600 0.00000000 0.0000e+00
0.5650 0.00000000 0.0000e+00
0.5700 0.00000000 0.0000e+00
0.5750 0.00000000 0.0000e+00
0.5800 0.00000000 0.0000e+00
0.5850 0.00000000 0.0000e+00
0.5900 0.00000000 0.0000e+00
0.5950 0.00000000 0.0000e+00
0.6000 0.00000000 0.0000e+00
0.6050 0.00000000 0.0000e+00
0.6100 0.00000000 0.0000e+00
0.6150 0.00000000 0.0000e+00
0.6200 0.00000000 0.0000e+00
0.6250 0.00000000 0.0000e+00
0.6300 0.00000000 0.0000e+00
0.6350 0.00000000 0.0000e+00
0.6400 0.00000000 0.0000e+00
0.6450 0.00000000 0.0000e+00
0.6500 0.00000000 0.0000e+00
0.6550 0.00000000 0.0000e+00
0.6600 0.00000000 0.0000e+00
0.6650 0.00000000 0.0000e+00
0.6700 0.00000000 0.0000e+00
0.6750 0.00000000 0.0000e+00
0.6800 0.00000000 0.0000e+00
0.6850 0.00000000 0.0000e+00
0.6900 0.00000000 0.0000e+00
0.6950 0.00000000 0.0000e+00
0.7000 0.00000000 0.0000e+00
0.7050 0.00000000 0.0000e+00
0.7100 0.00000000 0.0000e+00
0.7150 0.00000000 0.0000e+00
0.7200 0.00000000 0.0000e+00
0.7250 0.00000000 0.0000e+00
0.7300 0.00000000 0.0000e+00
0.7350 0.00000000 0.0000e+00
0.7400 0.00000000 0.0000e+00
0.7450 0.00000000 0.0000e+00
0.7500 0.00000000 0.0000e+00
0.7550 0.00000000 0.0000e+00
0.7600 0.00000000 0.0000e+00
0.7650 0.00000000 0.0000e+00
0.7700 0.00000000 0.0000e+00
0.7750 0.00000000 0.0000e+00
0.7800 0.00000000 0.0000e+00
0.7850 0.00000000 0.0000e+00
0.7900 0.00000000 0.0000e+00
0.7950 0.00000000 0.0000e+00
0.8000 0.00000000 0.0000e+00
0.8050 0.00000000 0.0000e+00
0.8100 0.00000000 0.0000e+00
0.8150 0.00000000 0.0000e+00
0.8200 0.00000000 0.0000e+00
0.8250 0.00000000 0.0000e+00
0.8300 0.00000000 0.0000e+00
0.8350 0.00000000 0.0000e+00
0.8400 0.00000000 0.0000e+00
0.8450 0.00000000 0.0000e+00
0.8500 0.00000000 0.0000e+00
0.8550 0.00000000 0.0000e+00
0.8600 0.00000000 0.0000e+00
0.8650 0.00000000 0.0000e+00
0.8700 0.00000000 0.0000e+00
0.8750 0.00000000 0.0000e+00
0.8800 0.00000000 0.0000e+00
0.8850 0.00000000 0.0000e+00
0.8900 0.00000000 0.0000e+00
0.8950 0.00000000 0.0000e+00
0.9000 0.00000000 0.0000e+00
0.9050 0.00000000 0.0000e+00
0.9100 0.00000000 0.0000e+00
0.9150 0.00000000 0.0000e+00
0.9200 0.00000000 0.0000e+00
0.9250 0.00000000 0.0000e+00
0.9300 0.00000000 0.0000e+00
0.9350 0.00000000 0.0000e+00
0.9400 0.00000000 0.0000e+00
0.9450 0.00000000 0.0000e+00
0.9500 0.00000000 0.0000e+00
0.9550 0.00000000 0.0000e+00
0.9600 0.00000000 0.0000e+00
0.9650 0.00000000 0.0000e+00
0.9700 0.00000000 0.0000e+00
0.9750 0.00000000 0.0000e+00
0.9800 0.00000000 0.0000e+00
0.9850 0.00000000 0.0000e+00
0.9900 0.00000000 0.0000e+00
0.9950 0.00000000 0.0000e+00
1.0000 0.00000000 0.0000e+00
1.0050 0.00000000 0.0000e+00
1.0100 0.00000000 0.0000e+00
1.0150 0.00000000 0.0000e+00
1.0200 0.00000000 0.0000e+00
1.0250 0.00000000 0.0000e+00
1.0300 0.00000000 0.0000e+00
1.0350 0.00000000 0.0000e+00
1.0400 0.00000000 0.0000e+00
1.0450 0.00000000 0.0000e+00
1.0500 0.00000000 0.0000e+00
1.0550 0.00000000 0.0000e+00
1.0600 0.00000000 0.0000e+00
1.0650 0.00000000 0.0000e+00
1.0700 0.00000000 0.0000e+00
1.0750 0.00000000 0.0000e+00
1.0800 0.00000000 0.0000e+00
1.0850 0.00000000 0.0000e+00
1.0900 0.00000000 0.0000e+00
1.0950 0.00000000 0.0000e+00
1.1000 0.00000000 0.0000e+00
1.1050 0.00000000 0.0000e+00
1.1100 0.00000000 0.0000e+00
1.1150 0.00000000 0.0000e+00
1.1200 0.00000000 0.0000e+00
1.1250 0.00000000 0.0000e+00
1.1300 0.00000000 0.0000e+00
1.1350 0.00000000 0.0000e+00
1.1400 0.00000000 0.0000e+00
1.1450 0.00000000 0.0000e+00
1.1500 0.00000000 0.0000e+00
1.1550 0.00000000 0.0000e+00
1.1600 0.00000000 0.0000e+00
1.1650 0.00000000 0.0000e+00
1.1700 0.00000000 0.0000e+00
1.1750 0.00000000 0.0000e+00
1.1800 0.00000000 0.0000e+00
1.1850 0.00000000 0.0000e+00
1.1900 0.00000000 0.0000e+00
1.1950 0.00000000 0.0000e+00
1.2000 0.00000000 0.0000e+00
1.2050 0.00000000 0.0000e+00
1.2100 0.00000000 0.0000e+00
1.2150 0.00000000 0.0000e+00
1.2200 0.00000000 0.0000e+00
1.2250 0.00000000 0.0000e+00
1.2300 0.00000000 0.0000e+00
1.2350 0.00000000 0.0000e+00
1.2400 0.00000000 0.0000e+00
1.2450 0.00000000 0.0000e+00
1.2500 0.00000000 0.0000e+00
1.2550 0.00000000 0.0000e+00
1.2600 0.00000000 0.0000e+00
1.2650 0.00000000 0.0000e+00
1.2700 0.00000000 0.0000e+00
1.2750 0.00000000 0.0000e+00
1.2800 0.00000000 0.0000e+00
1.2850 0.00000000 0.0000e+00
1.2900 0.00000000 0.0000e+00
1.2950 0.00000000 0.0000e+00
1.3000 0.00000000 0.0000e+00
1.3050 0.00000000 0.0000e+00
1.3100 0.00000000 0.0000e+00
1.3150 0.00000000 0.0000e+00
1.3200 0.00000000 0.0000e+00
1.3250 0.00000000 0.0000e+00
1.3300 0.00000000 0.0000e+00
1.3350 0.00000000 0.0000e+00
1.3400 0.00000000 0.0000e+00
1.3450 0.00000000 0.0000e+00
1.3500 0.00000000 0.0000e+00
1.3550 0.00000000 0.0000e+00
1.3600 0.00000000 0.0000e+00
1.3650 0.00000000 0.0000e+00
1.3700 0.00000000 0.0000e+00
1.3750 0.00000000 0.0000e+00
1.3800 0.00000000 0.0000e+00
1.3850 0.00000000 0.0000e+00
1.3900 0.00000000 0.0000e+00
1.3950 0.00000000 0.0000e+00
1.4000 0.00000000 0.0000e+00
1.4050 0.00000000 0.0000e+00
1.4100 0.00000000 0.0000e+00
1.4150 0.00000000 0.0000e+00
1.4200 0.00000000 0.0000e+00
1.4250 0.00000000 0.0000e+00
1.4300 0.00000000 0.0000e+00
1.4350 0.00000000 0.0000e+00
1.4400 0.00000000 0.0000e+00
1.4450 0.00000000 0.0000e+00
1.4500 0.00000000 0.0000e+00
1.4550 0.00000000 0.0000e+00
1.4600 0.00000000 0.0000e+00
1.4650 0.00000000 0.0000e+00
1.4700 0.00000000 0.0000e+00
1.4750 0.00000000 0.0000e+00
1.4800 0.00000000 0.0000e+00
1.4850 0.00000000 0.0000e+00
1.4900 0.00000000 0.0000e+00
1.4950 0.00000000 0.0000e+00
1.5000 0.00000000 0.0000e+00
1.5050 0.00000000 0.0000e+00
1.5100 0.00000000 0.0000e+00
1.5150 0.00000000 0.0000e+00
1.5200 0.00000000 0.0000e+00
1.5250 0.00000000 0.0000e+00
1.5300 0.00000000 0.0000e+00
1.5350 0.00000000 0.0000e+00
1.5400 0.00000000 0.0000e+00
1.5450 0.00000000 0.0000e+00
1.5500 0.00000000 0.0000e+00
1.5550 0.00000000 0.0000e+00
1.5600 0.00000000 0.0000e+00
1.5650 0.00000000 0.0000e+00
1.5700 0.00000000 0.0000e+00
1.5750 0.00000000 0.0000e+00
1.5800 0.00000000 0.0000e+00
1.5850 0.00000000 0.0000e+00
1.5900 0.00000000 0.0000e+00
1.5950 0.00000000 0.0000e+00
1.6000 0.00000000 0.0000e+00
1.6050 0.00000000 0.0000e+00
1.6100 0.00000000 0.0000e+00
1.6150 0.00000000 0.0000e+00
1.6200 0.00000000 0.0000e+00
1.6250 0.00000000 0.0000e+00
1.6300 0.00000000 0.0000e+00
1.6350 0.00000000 0.0000e+00
1.6400 0.00000000 0.0000e+00
1.6450 0.00000000 0.0000e+00
1.6500 0.00000000 0.0000e+00
1.6550 0.00000000 0.0000e+00
1.6600 0.00000000 0.0000e+00
1.6650 0.00000000 0.0000e+00
1.6700 0.00000000 0.0000e+00
1.6750 0.00000000 0.0000e+00
1.6800 0.00000000 0.0000e+00
1.6850 0.00000000 0.0000e+00
1.6900 0.00000000 0.0000e+00
1.6950 0.00000000 0.0000e+00
1.7000 0.00000000 0.0000e+00
1.7050 0.00000000 0.0000e+00
1.7100 0.00000000 0.0000e+00
1.7150 0.00000000 0.0000e+00
1.7200 0.00000000 0.0000e+00
1.7250 0.00000000 0.0000e+00
1.7300 0.00000000 0.0000e+00
1.7350 0.00000000 0.0000e+00
1.7400 0.00000000 0.0000e+00
1.7450 0.00000000 0.0000e+00
1.7500 0.00000000 0.0000e+00
1.7550 0.00000000 0.0000e+00
1.7600 0.00000000 0.0000e+00
1.7650 0.00000000 0.0000e+00
1.7700 0.00000000 0.0000e+00
1.7750 0.00000000 0.0000e+00
1.7800 0.00000000 0.0000e+00
1.7850 0.00000000 0.0000e+00
1.7900 0.00000000 0.0000e+00
1.7950 0.00000000 0.0000e+00
1.8000 0.00000000 0.0000e+00
1.8050 0.00000000 0.0000e+00
1.8100 0.00000000 0.0000e+00
1.8150 0.00000000 0.0000e+00
1.8200 0.00000000 0.0000e+00
1.8250 0.00000000 0.0000e+00
1.8300 0.00000000 0.0000e+00
1.8350 0.00000000 0.0000e+00
1.8400 0.00000000 0.0000e+00
1.8450 0.00000000 0.0000e+00
1.8500 0.00000000 0.0000e+00
1.8550 0.00000000 0.0000e+00
1.8600 0.00000000 0.0000e+00
1.8650 0.00000000 0.0000e+00
1.8700 0.00000000 0.0000e+00
1.8750 0.00000000 0.0000e+00
1.8800 0.00000000 0.0000e+00
1.8850 0.00000000 0.0000e+00
1.8900 0.00000000 0.0000e+00
1.8950 0.00000000 0.0000e+00
1.9000 0.00000000 0.0000e+00
1.9050 0.00000000 0.0000e+00
1.9100 0.00000000 0.0000e+00
1.9150 0.00000000 0.0000e+00
1.9200 0.00000000 0.0000e+00
1.9250 0.00000000 0.0000e+00
1.9300 0.00000000 0.0000e+00
1.9350 0.00000000 0.0000e+00
1.9400 0.00000000 0.0000e+00
1.9450 0.00000000 0.0000e+00
1.9500 0.00000000 0.0000e+00
1.9550 0.00000000 0.0000e+00
1.9600 0.00000000 0.0000e+00
1.9650 0.00000000 0.0000e+00
1.9700 0.00000000 0.0000e+00
1.9750 0.00000000 0.0000e+00
1.9800 0.00000000 0.0000e+00
1.9850 0.00000000 0.0000e+00
1.9900 0.00000000 0.0000e+00
1.9950 0.00000000 0.0000e+00
2.0000 0.00000000 0.0000e+00
2.0050 0.00000000 0.0000e+00
2.0100 0.00000000 0.0000e+00
2.0150 0.00000000 0.0000e+00
2.0200 0.00000000 0.0000e+00
2.0250 0.00000000 0.0000e+00
2.0300 0.00000000 0.0000e+00
2.0350 0.00000000 0.0000e+00
2.0400 0.00000000 0.0000e+00
2.0450 0.00000000 0.0000e+00
2.0500 0.00000000 0.0000e+00
2.0550 0.00000000 0.0000e+00
2.0600 0.00000000 0.0000e+00
2.0650 0.00000000 0.0000e+00
2.0700 0.00000000 0.0000e+00
2.0750 0.00000000 0.0000e+00
2.0800 0.00000000 0.0000e+00
2.0850 0.00000000 0.0000e+00
2.0900 0.00000000 0.0000e+00
2.0950 0.00000000 0.0000e+00
2.1000 0.00000000 0.0000e+00
2.1050 0.00000000 0.0000e+00
2.1100 0.00000000 0.0000e+00
2.1150 0.00000000 0.0000e+00
2.1200 0.00000000 0.0000e+00
2.1250 0.00000000 0.0000e+00
2.1300 0.00000000 0.0000e+00
2.1350 0.00000000 0.0000e+00
2.1400 0.00000000 0.0000e+00
2.1450 0.00000000 0.0000e+00
2.1500 0.00000000 0.0000e+00
2.1550 0.00000000 0.0000e+00
2.1600 0.00000000 0.0000e+00
2.1650 0.00000000 0.0000e+00
2.1700 0.00000000 0.0000e+00
2.1750 0.00000000 0.0000e+00
2.1800 0.00000000 0.0000e+00
2.1850 0.00000000 0.0000e+00
2.1900 0.00000000 0.0000e+00
2.1950 0.00000000 0.0000e+00
2.2000 0.00139495 6.9116e+10
2.2050 0.00139655 6.9195e+10
2.2100 0.00139814 6.9274e+10
2.2150 0.00139974 6.9353e+10
2.2200 0.00140133 6.9432e+10
2.2250 0.00140293 6.9511e+10
2.2300 0.00140452 6.9590e+10
2.2350 0.00140612 6.9669e+10
2.2400 0.00140771 6.9748e+10
2.2450 0.00140931 6.9827e+10
2.2500 0.00141090 6.9906e+10
2.2550 0.00141250 6.9985e+10
2.2600 0.00141410 7.0064e+10
2.2650 0.00141569 7.0143e+10
2.2700 0.00141729 7.0222e+10
2.2750 0.00141888 7.0301e+10
2.2800 0.00142048 7.0380e+10
2.2850 0.00142207 7.0459e+10
2.2900 0.00142367 7.0539e+10
2.2950 0.00142526 7.0618e+10
2.3000 0.00142686 7.0697e+10
2.3050 0.00142845 7.0776e+10
2.3100 0.00143005 7.0855e+10
2.3150 0.00143164 7.0934e+10
2.3200 0.00143324 7.1013e+10
2.3250 0.00143484 7.1092e+10
2.3300 0.00143643 7.1171e+10
2.3350 0.00143803 7.1250e+10
2.3400 0.00143962 7.1329e+10
2.3450 0.00144122 7.1408e+10
2.3500 0.00144281 7.1487e+10
2.3550 0.00144441 7.1566e+10
2.3600 0.00144600 7.1645e+10
2.3650 0.00144760 7.1724e+10
2.3700 0.00144919 7.1803e+10
2.3750 0.00145079 7.1882e+10
2.3800 0.00145239 7.1961e+10
2.3850 0.00145398 7.2040e+10
2.3900 0.00145558 7.2120e+10
2.3950 0.00145717 7.2199e+10
2.4000 0.00145877 7.2278e+10
2.4050 0.00146036 7.2357e+10
2.4100 0.00146196 7.2436e+10
2.4150 0.00146355 7.2515e+10
2.4200 0.00146515 7.2594e+10
2.4250 0.00146674 7.2673e+10
2.4300 0.00146834 7.2752e+10
2.4350 0.00146993 7.2831e+10
2.4400 0.00147153 7.2910e+10
2.4450 0.00147313 7.2989e+10
2.4500 0.00147472 7.3068e+10
2.4550 0.00147632 7.3147e+10
2.4600 0.00147791 7.3226e+10
2.4650 0.00147951 7.3305e+10
2.4700 0.00148110 7.3384e+10
2.4750 0.00148270 7.3463e+10
2.4800 0.00148429 7.3542e+10
2.4850 0.00148589 7.3621e+10
2.4900 0.00148748 7.3700e+10
2.4950 0.00148908 7.3780e+10
2.5000 0.00149068 7.3859e+10
2.5050 0.00152004 7.5313e+10
2.5100 0.00154996 7.6796e+10
2.5150 0.00157989 7.8279e+10
2.5200 0.00160981 7.9761e+10
2.5250 0.00163973 8.1244e+10
2.5300 0.00166966 8.2727e+10
2.5350 0.00169958 8.4209e+10
2.5400 0.00172951 8.5692e+10
2.5450 0.00175943 8.7175e+10
2.5500 0.00178935 8.8657e+10
2.5550 0.00181928 9.0140e+10
2.5600 0.00184920 9.1622e+10
2.5650 0.00187912 9.3105e+10
2.5700 0.00190905 9.4588e+10
2.5750 0.00193897 9.6070e+10
2.5800 0.00196890 9.7553e+10
2.5850 0.00199882 9.9036e+10
2.5900 0.00202874 1.0052e+11
2.5950 0.00205867 1.0200e+11
2.6000 0.00208859 1.0348e+11
2.6050 0.00211852 1.0497e+11
2.6100 0.00214844 1.0645e+11
2.6150 0.00217836 1.0793e+11
2.6200 0.00220829 1.0941e+11
2.6250 0.00223821 1.1090e+11
2.6300 0.00226814 1.1238e+11
2.6350 0.00229806 1.1386e+11
2.6400 0.00232798 1.1534e+11
2.6450 0.00235791 1.1683e+11
2.6500 0.00238783 1.1831e+11
2.6550 0.00241776 1.1979e+11
2.6600 0.00244768 1.2128e+11
2.6650 0.00247760 1.2276e+11
2.6700 0.00250753 1.2424e+11
2.6750 0.00253745 1.2572e+11
2.6800 0.00259765 1.2871e+11
2.6850 0.00266731 1.3216e+11
2.6900 0.00273697 1.3561e+11
2.6950 0.00280663 1.3906e+11
2.7000 0.00287629 1.4251e+11
2.7050 0.00294594 1.4596e+11
2.7100 0.00301560 1.4941e+11
2.7150 0.00308526 1.5287e+11
2.7200 0.00315492 1.5632e+11
2.7250 0.00322458 1.5977e+11
2.7300 0.00329424 1.6322e+11
2.7350 0.00336390 1.6667e+11
2.7400 0.00343355 1.7012e+11
2.7450 0.00350321 1.7357e+11
2.7500 0.00357287 1.7703e+11
2.7550 0.00364253 1.8048e+11
2.7600 0.00371219 1.8393e+11
2.7650 0.00378185 1.8738e+11
2.7700 0.00385151 1.9083e+11
2.7750 0.00392117 1.9428e+11
2.7800 0.00399082 1.9773e+11
2.7850 0.00406048 2.0118e+11
2.7900 0.00413014 2.0464e+11
2.7950 0.00419980 2.0809e+11
2.8000 0.00426946 2.1154e+11
2.8050 0.00437336 2.1669e+11
2.8100 0.00448725 2.2233e+11
2.8150 0.00460115 2.2797e+11
2.8200 0.00471504 2.3362e+11
2.8250 0.00482893 2.3926e+11
2.8300 0.00494282 2.4490e+11
2.8350 0.00505671 2.5055e+11
2.8400 0.00517060 2.5619e+11
2.8450 0.00528450 2.6183e+11
2.8500 0.00539839 2.6747e+11
2.8550 0.00551228 2.7312e+11
2.8600 0.00562617 2.7876e+11
2.8650 0.00574006 2.8440e+11
2.8700 0.00585396 2.9005e+11
2.8750 0.00596785 2.9569e+11
2.8800 0.00608174 3.0133e+11
2.8850 0.00619563 3.0698e+11
2.8900 0.00630952 3.1262e+11
2.8950 0.00642341 3.1826e+11
2.9000 0.00655626 3.2484e+11
2.9050 0.00671847 3.3288e+11
2.9100 0.00688068 3.4092e+11
2.9150 0.00704290 3.4895e+11
2.9200 0.00720511 3.5699e+11
2.9250 0.00736732 3.6503e+11
2.9300 0.00752954 3.7307e+11
2.9350 0.00769175 3.8110e+11
2.9400 0.00785396 3.8914e+11
2.9450 0.00801618 3.9718e+11
2.9500 0.00817839 4.0522e+11
2.9550 0.00834060 4.1325e+11
2.9600 0.00850282 4.2129e+11
2.9650 0.00866503 4.2933e+11
2.9700 0.00882724 4.3736e+11
2.9750 0.00898946 4.4540e+11
2.9800 0.00918197 4.5494e+11
2.9850 0.00939870 4.6568e+11
2.9900 0.00961543 4.7642e+11
2.9950 0.00983215 4.8715e+11
3.0000 0.01004888 4.9789e+11
3.0050 0.01026560 5.0863e+11
3.0100 0.01048233 5.1937e+11
3.0150 0.01069905 5.3011e+11
3.0200 0.01091578 5.4084e+11
3.0250 0.01113251 5.5158e+11
3.0300 0.01134923 5.6232e+11
3.0350 0.01156596 5.7306e+11
3.0400 0.01178268 5.8380e+11
3.0450 0.01200951 5.9504e+11
3.0500 0.01228685 6.0878e+11
3.0550 0.01256419 6.2252e+11
3.0600 0.01284153 6.3626e+11
3.0650 0.01311887 6.5000e+11
3.0700 0.01339622 6.6374e+11
3.0750 0.01367356 6.7748e+11
3.0800 0.01395090 6.9123e+11
3.0850 0.01422824 7.0497e+11
3.0900 0.01450558 7.1871e+11
3.0950 0.01478293 7.3245e+11
3.1000 0.01506027 7.4619e+11
3.1050 0.01537519 7.6180e+11
3.1100 0.01571867 7.7881e+11
3.1150 0.01606215 7.9583e+11
3.1200 0.01640563 8.1285e+11
3.1250 0.01674911 8.2987e+11
3.1300 0.01709259 8.4689e+11
3.1350 0.01743607 8.6391e+11
3.1400 0.01777954 8.8092e+11
3.1450 0.01812302 8.9794e+11
3.1500 0.01846650 9.1496e+11
3.1550 0.01883391 9.3316e+11
3.1600 0.01924825 9.5369e+11
3.1650 0.01966259 9.7422e+11
3.1700 0.02007693 9.9475e+11
3.1750 0.02049127 1.0153e+12
3.1800 0.02090560 1.0358e+12
3.1850 0.02131994 1.0563e+12
3.1900 0.02173428 1.0769e+12
3.1950 0.02214862 1.0974e+12
3.2000 0.02257606 1.1186e+12
3.2050 0.02306075 1.1426e+12
3.2100 0.02354545 1.1666e+12
3.2150 0.02403014 1.1906e+12
3.2200 0.02451484 1.2146e+12
3.2250 0.02499953 1.2387e+12
3.2300 0.02548423 1.2627e+12
3.2350 0.02596892 1.2867e+12
3.2400 0.02645362 1.3107e+12
3.2450 0.02699507 1.3375e+12
3.2500 0.02754230 1.3646e+12
3.2550 0.02808953 1.3918e+12
3.2600 0.02863676 1.4189e+12
3.2650 0.02918399 1.4460e+12
3.2700 0.02973122 1.4731e+12
3.2750 0.03027845 1.5002e+12
3.2800 0.03085682 1.5289e+12
3.2850 0.03149304 1.5604e+12
3.2900 0.03212926 1.5919e+12
3.2950 0.03276547 1.6234e+12
3.3000 0.03340169 1.6550e+12
3.3050 0.03403791 1.6865e+12
3.3100 0.03467413 1.7180e+12
3.3150 0.03533619 1.7508e+12
3.3200 0.03603741 1.7855e+12
3.3250 0.03673864 1.8203e+12
3.3300 0.03743986 1.8550e+12
3.3350 0.03814108 1.8898e+12
3.3400 0.03884231 1.9245e+12
3.3450 0.03954353 1.9593e+12
3.3500 0.04034729 1.9991e+12
3.3550 0.04115527 2.0391e+12
3.3600 0.04196324 2.0792e+12
3.3650 0.04277121 2.1192e+12
3.3700 0.04357919 2.1592e+12
3.3750 0.04438716 2.1993e+12
3.3800 0.04526148 2.2426e+12
3.3850 0.04613801 2.2860e+12
3.3900 0.04701453 2.3294e+12
3.3950 0.04789105 2.3729e+12
3.4000 0.04876757 2.4163e+12
3.4050 0.04967051 2.4610e+12
3.4100 0.05061998 2.5081e+12
3.4150 0.05156946 2.5551e+12
3.4200 0.05251893 2.6022e+12
3.4250 0.05346840 2.6492e+12
3.4300 0.05442422 2.6966e+12
3.4350 0.05543957 2.7469e+12
3.4400 0.05645491 2.7972e+12
3.4450 0.05747026 2.8475e+12
3.4500 0.05848561 2.8978e+12
3.4550 0.05951053 2.9486e+12
3.4600 0.06059860 3.0025e+12
3.4650 0.06168666 3.0564e+12
3.4700 0.06277473 3.1103e+12
3.4750 0.06386279 3.1642e+12
3.4800 0.06499442 3.2203e+12
3.4850 0.06618253 3.2791e+12
3.4900 0.06737064 3.3380e+12
3.4950 0.06855875 3.3969e+12
3.5000 0.06974686 3.4558e+12
3.5050 0.07094547 3.5151e+12
3.5100 0.07214430 3.5745e+12
3.5150 0.07334313 3.6339e+12
3.5200 0.07454195 3.6933e+12
3.5250 0.07588034 3.7596e+12
3.5300 0.07726717 3.8284e+12
3.5350 0.07865401 3.8971e+12
3.5400 0.08004085 3.9658e+12
3.5450 0.08144817 4.0355e+12
3.5500 0.08286420 4.1057e+12
3.5550 0.08428023 4.1758e+12
3.5600 0.08569626 4.2460e+12
3.5650 0.08719914 4.3205e+12
3.5700 0.08871850 4.3957e+12
3.5750 0.09023785 4.4710e+12
3.5800 0.09176971 4.5469e+12
3.5850 0.09337596 4.6265e+12
3.5900 0.09498221 4.7061e+12
3.5950 0.09658846 4.7857e+12
3.6000 0.09818762 4.8649e+12
3.6050 0.09978202 4.9439e+12
3.6100 0.10137642 5.0229e+12
3.6150 0.10298722 5.1027e+12
3.6200 0.10466730 5.1860e+12
3.6250 0.10634738 5.2692e+12
3.6300 0.10802746 5.3524e+12
3.6350 0.10987365 5.4439e+12
3.6400 0.11173559 5.5362e+12
3.6450 0.11359753 5.6284e+12
3.6500 0.11544859 5.7201e+12
3.6550 0.11729611 5.8117e+12
3.6600 0.11914363 5.9032e+12
3.6650 0.12093183 5.9918e+12
3.6700 0.12269540 6.0792e+12
3.6750 0.12445896 6.1666e+12
3.6800 0.12658533 6.2719e+12
3.6850 0.12882508 6.3829e+12
3.6900 0.13106482 6.4939e+12
3.6950 0.13298884 6.5892e+12
3.7000 0.13488309 6.6831e+12
3.7050 0.13684817 6.7804e+12
3.7100 0.13919604 6.8968e+12
3.7150 0.14154390 7.0131e+12
3.7200 0.14362735 7.1163e+12
3.7250 0.14542819 7.2055e+12
3.7300 0.14722904 7.2948e+12
3.7350 0.14971145 7.4178e+12
3.7400 0.15227778 7.5449e+12
3.7450 0.15468552 7.6642e+12
3.7500 0.15682616 7.7703e+12
3.7550 0.15896680 7.8763e+12
3.7600 0.16144778 7.9993e+12
3.7650 0.16395608 8.1235e+12
3.7700 0.16645465 8.2473e+12
3.7750 0.16894511 8.3707e+12
3.7800 0.17134096 8.4894e+12
3.7850 0.17341907 8.5924e+12
3.7900 0.17549718 8.6954e+12
3.7950 0.17812297 8.8255e+12
3.8000 0.18076382 8.9563e+12
3.8050 0.18356211 9.0950e+12
3.8100 0.18640633 9.2359e+12
3.8150 0.18895975 9.3624e+12
3.8200 0.19134194 9.4804e+12
3.8250 0.19403610 9.6139e+12
3.8300 0.19700001 9.7608e+12
3.8350 0.20007386 9.9131e+12
3.8400 0.20326101 1.0071e+13
3.8450 0.20594264 1.0204e+13
3.8500 0.20810981 1.0311e+13
3.8550 0.21058167 1.0434e+13
3.8600 0.21330930 1.0569e+13
3.8650 0.21636287 1.0720e+13
3.8700 0.21960411 1.0881e+13
3.8750 0.22220760 1.1010e+13
3.8800 0.22461691 1.1129e+13
3.8850 0.22790740 1.1292e+13
3.8900 0.23121218 1.1456e+13
3.8950 0.23426124 1.1607e+13
3.9000 0.23718691 1.1752e+13
3.9050 0.23992133 1.1887e+13
3.9100 0.24280245 1.2030e+13
3.9150 0.24575514 1.2176e+13
3.9200 0.24859292 1.2317e+13
3.9250 0.25158684 1.2465e+13
3.9300 0.25489978 1.2630e+13
3.9350 0.25807556 1.2787e+13
3.9400 0.26119167 1.2941e+13
3.9450 0.26428493 1.3095e+13
3.9500 0.26769862 1.3264e+13
3.9550 0.27137457 1.3446e+13
3.9600 0.27492299 1.3622e+13
3.9650 0.27850354 1.3799e+13
3.9700 0.28210880 1.3978e+13
3.9750 0.28525691 1.4134e+13
3.9800 0.28861238 1.4300e+13
3.9850 0.29212201 1.4474e+13
3.9900 0.29554752 1.4644e+13
3.9950 0.29871480 1.4800e+13
4.0000 0.30211789 1.4969e+13
4.0050 0.30625513 1.5174e+13
4.0100 0.31064080 1.5391e+13
4.0150 0.31458023 1.5587e+13
4.0200 0.31818290 1.5765e+13
4.0250 0.32169437 1.5939e+13
4.0300 0.32507042 1.6106e+13
4.0350 0.32812127 1.6257e+13
4.0400 0.33163642 1.6432e+13
4.0450 0.33593023 1.6644e+13
4.0500 0.33982427 1.6837e+13
4.0550 0.34348033 1.7018e+13
4.0600 0.34770168 1.7228e+13
4.0650 0.35156210 1.7419e+13
4.0700 0.35498456 1.7588e+13
4.0750 0.35887653 1.7781e+13
4.0800 0.36402885 1.8037e+13
4.0850 0.36761656 1.8214e+13
4.0900 0.37107135 1.8385e+13
4.0950 0.37601559 1.8630e+13
4.1000 0.37974437 1.8815e+13
4.1050 0.38234364 1.8944e+13
4.1100 0.38644440 1.9147e+13
4.1150 0.39036401 1.9341e+13
4.1200 0.39317761 1.9481e+13
4.1250 0.39853919 1.9746e+13
4.1300 0.40303062 1.9969e+13
4.1350 0.40650404 2.0141e+13
4.1400 0.41064210 2.0346e+13
4.1450 0.41424178 2.0524e+13
4.1500 0.41814961 2.0718e+13
4.1550 0.42078824 2.0849e+13
4.1600 0.42422899 2.1019e+13
4.1650 0.42762000 2.1187e+13
4.1700 0.43369681 2.1488e+13
4.1750 0.43893974 2.1748e+13
4.1800 0.44139172 2.1870e+13
4.1850 0.44703758 2.2149e+13
4.1900 0.44928953 2.2261e+13
4.1950 0.45595089 2.2591e+13
4.2000 0.45810139 2.2698e+13
4.2050 0.46254890 2.2918e+13
4.2100 0.46854078 2.3215e+13
4.2150 0.47307720 2.3440e+13
4.2200 0.47854328 2.3710e+13
4.2250 0.48282669 2.3923e+13
4.2300 0.48642929 2.4101e+13
4.2350 0.48829359 2.4194e+13
4.2400 0.49363801 2.4458e+13
4.2450 0.49963254 2.4755e+13
4.2500 0.50480679 2.5012e+13
4.2550 0.50718288 2.5129e+13
4.2600 0.51094116 2.5316e+13
4.2650 0.51755135 2.5643e+13
4.2700 0.51928980 2.5729e+13
4.2750 0.52644104 2.6084e+13
4.2800 0.52985780 2.6253e+13
4.2850 0.53226227 2.6372e+13
4.2900 0.53553589 2.6534e+13
4.2950 0.54012339 2.6762e+13
4.3000 0.54339341 2.6924e+13
4.3050 0.54958188 2.7230e+13
4.3100 0.55256808 2.7378e+13
4.3150 0.55612389 2.7554e+13
4.3200 0.56263521 2.7877e+13
4.3250 0.56869609 2.8177e+13
4.3300 0.57261102 2.8371e+13
4.3350 0.57677991 2.8578e+13
4.3400 0.57726003 2.8602e+13
4.3450 0.57998986 2.8737e+13
4.3500 0.58825290 2.9146e+13
4.3550 0.59073843 2.9269e+13
4.3600 0.59660674 2.9560e+13
4.3650 0.60024501 2.9740e+13
4.3700 0.60685445 3.0068e+13
4.3750 0.61260726 3.0353e+13
4.3800 0.61279393 3.0362e+13
4.3850 0.61779996 3.0610e+13
4.3900 0.62339902 3.0888e+13
4.3950 0.62773034 3.1102e+13
4.4000 0.63337382 3.1382e+13
4.4050 0.63720824 3.1572e+13
4.4100 0.64739055 3.2076e+13
4.4150 0.64496293 3.1956e+13
4.4200 0.65484021 3.2445e+13
4.4250 0.65846423 3.2625e+13
4.4300 0.65935075 3.2669e+13
4.4350 0.66971854 3.3183e+13
4.4400 0.66832988 3.3114e+13
4.4450 0.67947577 3.3666e+13
4.4500 0.68283788 3.3833e+13
4.4550 0.68669152 3.4024e+13
4.4600 0.69027467 3.4201e+13
4.4650 0.69127102 3.4250e+13
4.4700 0.70224859 3.4794e+13
4.4750 0.70242422 3.4803e+13
4.4800 0.70983517 3.5170e+13
4.4850 0.71235190 3.5295e+13
4.4900 0.71949798 3.5649e+13
4.4950 0.72702448 3.6022e+13
4.5000 0.73050837 3.6195e+13
4.5050 0.73333092 3.6334e+13
4.5100 0.73838559 3.6585e+13
4.5150 0.74269465 3.6798e+13
4.5200 0.74570505 3.6947e+13
4.5250 0.74369431 3.6848e+13
4.5300 0.75180847 3.7250e+13
4.5350 0.75430749 3.7374e+13
4.5400 0.75870971 3.7592e+13
4.5450 0.76656194 3.7981e+13
4.5500 0.76886664 3.8095e+13
4.5550 0.76624200 3.7965e+13
4.5600 0.76916303 3.8110e+13
4.5650 0.78300220 3.8795e+13
4.5700 0.78829740 3.9058e+13
4.5750 0.79432951 3.9357e+13
4.5800 0.81622830 4.0442e+13
4.5850 0.82718970 4.0985e+13
4.5900 0.85534786 4.2380e+13
4.5950 0.87459430 4.3334e+13
4.6000 0.92862314 4.6011e+13
4.6050 0.97339432 4.8229e+13
4.6100 1.05248967 5.2148e+13
4.6150 1.15539939 5.7247e+13
4.6200 1.25687006 6.2274e+13
4.6250 1.39808588 6.9271e+13
4.6300 1.53783480 7.6195e+13
4.6350 1.72540240 8.5489e+13
4.6400 1.90001117 9.4140e+13
4.6450 2.07513226 1.0282e+14
4.6500 2.24582755 1.1127e+14
4.6550 2.38120955 1.1798e+14
4.6600 2.47123207 1.2244e+14
4.6650 2.54499723 1.2610e+14
4.6700 2.56649678 1.2716e+14
4.6750 2.54489301 1.2609e+14
4.6800 2.49907343 1.2382e+14
4.6850 2.43269477 1.2053e+14
4.6900 2.31113055 1.1451e+14
4.6950 2.19647258 1.0883e+14
4.7000 2.08927585 1.0352e+14
4.7050 1.98013836 9.8110e+13
4.7100 1.87524314 9.2913e+13
4.7150 1.77499888 8.7946e+13
4.7200 1.67564745 8.3023e+13
4.7250 1.61009740 7.9776e+13
4.7300 1.53820316 7.6213e+13
4.7350 1.45714646 7.2197e+13
4.7400 1.40898540 6.9811e+13
4.7450 1.33659304 6.6224e+13
4.7500 1.28659267 6.3747e+13
4.7550 1.25325348 6.2095e+13
4.7600 1.20697694 5.9802e+13
4.7650 1.17457384 5.8197e+13
4.7700 1.12281995 5.5632e+13
4.7750 1.09324765 5.4167e+13
4.7800 1.05414662 5.2230e+13
4.7850 1.02907519 5.0988e+13
4.7900 0.99504886 4.9302e+13
4.7950 0.96917648 4.8020e+13
4.8000 0.93703388 4.6427e+13
4.8050 0.92263486 4.5714e+13
4.8100 0.88757326 4.3977e+13
4.8150 0.86219267 4.2719e+13
4.8200 0.84842027 4.2037e+13
4.8250 0.82899603 4.1074e+13
4.8300 0.81879469 4.0569e+13
4.8350 0.78894496 3.9090e+13
4.8400 0.77232921 3.8267e+13
4.8450 0.75755049 3.7534e+13
4.8500 0.75045299 3.7183e+13
4.8550 0.73683808 3.6508e+13
4.8600 0.72866446 3.6103e+13
4.8650 0.70854519 3.5106e+13
4.8700 0.68841662 3.4109e+13
4.8750 0.68717808 3.4048e+13
4.8800 0.67470612 3.3430e+13
4.8850 0.65494055 3.2450e+13
4.8900 0.63997415 3.1709e+13
4.8950 0.63608189 3.1516e+13
4.9000 0.62816252 3.1124e+13
4.9050 0.60987206 3.0217e+13
4.9100 0.64605650 3.2010e+13
4.9150 0.64843449 3.2128e+13
4.9200 0.66829832 3.3112e+13
4.9250 0.69714449 3.4541e+13
4.9300 0.76394774 3.7851e+13
4.9350 0.82861074 4.1055e+13
4.9400 0.92353884 4.5759e+13
4.9450 1.00026483 4.9560e+13
4.9500 1.11113554 5.5053e+13
4.9550 1.16690646 5.7817e+13
4.9600 1.20408777 5.9659e+13
4.9650 1.20965602 5.9935e+13
4.9700 1.18762026 5.8843e+13
4.9750 1.10754817 5.4876e+13
4.9800 1.02448924 5.0760e+13
4.9850 0.94383850 4.6764e+13
4.9900 0.83057430 4.1153e+13
4.9950 0.76369797 3.7839e+13
5.0000 0.69798981 3.4583e+13
5.0050 0.64283372 3.1851e+13
5.0100 0.58439781 2.8955e+13
5.0150 0.54481463 2.6994e+13
5.0200 0.48452384 2.4007e+13
5.0250 0.45635765 2.2611e+13
5.0300 0.42481730 2.1048e+13
5.0350 0.41085406 2.0357e+13
5.0400 0.38775529 1.9212e+13
5.0450 0.36737198 1.8202e+13
5.0500 0.33350624 1.6524e+13
5.0550 0.33195304 1.6447e+13
5.0600 0.32844429 1.6273e+13
5.0650 0.30616900 1.5170e+13
5.0700 0.28229346 1.3987e+13
5.0750 0.27824824 1.3786e+13
5.0800 0.26463308 1.3112e+13
5.0850 0.25434893 1.2602e+13
5.0900 0.25579030 1.2674e+13
5.0950 0.23879300 1.1831e+13
5.1000 0.22673674 1.1234e+13
5.1050 0.24501068 1.2140e+13
5.1100 0.25994634 1.2880e+13
5.1150 0.26496272 1.3128e+13
5.1200 0.30999112 1.5359e+13
5.1250 0.33069006 1.6385e+13
5.1300 0.35943703 1.7809e+13
5.1350 0.35056419 1.7369e+13
5.1400 0.34701789 1.7194e+13
5.1450 0.30653943 1.5188e+13
5.1500 0.28579133 1.4160e+13
5.1550 0.26510511 1.3135e+13
5.1600 0.22627829 1.1211e+13
5.1650 0.19890660 9.8552e+12
5.1700 0.16332411 8.0922e+12
5.1750 0.16319867 8.0860e+12
5.1800 0.14250352 7.0606e+12
5.1850 0.12489404 6.1881e+12
5.1900 0.11152898 5.5259e+12
5.1950 0.10125265 5.0168e+12
5.2000 0.09762338 4.8370e+12
5.2050 0.08131159 4.0287e+12
5.2100 0.08280885 4.1029e+12
5.2150 0.07728630 3.8293e+12
5.2200 0.07844319 3.8866e+12
5.2250 0.06951273 3.4442e+12
5.2300 0.07238898 3.5867e+12
5.2350 0.06895040 3.4163e+12
5.2400 0.07679852 3.8051e+12
5.2450 0.07677852 3.8041e+12
5.2500 0.07531204 3.7315e+12
5.2550 0.08251301 4.0883e+12
5.2600 0.08145508 4.0359e+12
5.2650 0.09123475 4.5204e+12
5.2700 0.07074722 3.5053e+12
5.2750 0.06147340 3.0458e+12
5.2800 0.05159016 2.5561e+12
5.2850 0.04826558 2.3914e+12
5.2900 0.03390288 1.6798e+12
5.2950 0.03830143 1.8977e+12
5.3000 0.02962092 1.4676e+12
5.3050 0.01832918 9.0816e+11
5.3100 0.02593360 1.2849e+12
5.3150 0.01562515 7.7418e+11
5.3200 0.02009250 9.9552e+11
5.3250 0.01885566 9.3424e+11
5.3300 0.01884539 9.3373e+11
5.3350 0.01189695 5.8946e+11
5.3400 0.01902340 9.4255e+11
5.3450 0.01878174 9.3058e+11
5.3500 0.01400299 6.9381e+11
5.3550 0.02066038 1.0237e+12
5.3600 0.01540248 7.6315e+11
5.3650 0.01009607 5.0023e+11
5.3700 0.00568866 2.8186e+11
5.3750 0.01185621 5.8744e+11
5.3800 0.00647273 3.2070e+11
5.3850 0.00578107 2.8643e+11
5.3900 0.00625080 3.0971e+11
5.3950 0.00483751 2.3968e+11
5.4000 0.00217252 1.0764e+11
5.4050 0.00219789 1.0890e+11
5.4100 0.00400040 1.9821e+11
5.4150 0.00818716 4.0565e+11
5.4200 0.00320546 1.5882e+11
5.4250 0.00513475 2.5441e+11
5.4300 0.00308876 1.5304e+11
5.4350 0.00404307 2.0032e+11
5.4400 0.00490581 2.4307e+11
5.4450 0.00470006 2.3287e+11
5.4500 0.00160318 7.9433e+10
5.4550 0.00164052 8.1283e+10
5.4600 0.00234108 1.1599e+11
5.4650 0.00295768 1.4654e+11
5.4700 0.00175786 8.7097e+10
5.4750 0.00359760 1.7825e+11
5.4800 0.00184071 9.1202e+10
5.4850 0.00188357 9.3326e+10
5.4900 0.00192745 9.5499e+10
5.4950 0.00197235 9.7724e+10
5.5000 0.00201829 1.0000e+11
5.5050 0.00330743 1.6387e+11
5.5100 0.00211341 1.0471e+11
5.5150 0.00285639 1.4153e+11
5.5200 0.00289491 1.4343e+11
5.5250 0.00226460 1.1220e+11
5.5300 0.00231739 1.1482e+11
5.5350 0.00237128 1.1749e+11
5.5400 0.00242694 1.2025e+11
5.5450 0.00248305 1.2303e+11
5.5500 0.00254125 1.2591e+11
5.5550 0.00260085 1.2886e+11
5.5600 0.00266063 1.3183e+11
5.5650 0.00272359 1.3495e+11
5.5700 0.00278704 1.3809e+11
5.5750 0.00285105 1.4126e+11
5.5800 0.00291731 1.4454e+11
5.5850 0.00000000 0.0000e+00
5.5900 0.00000000 0.0000e+00
5.5950 0.00000000 0.0000e+00
5.6000 0.00000000 0.0000e+00
5.6050 0.00000000 0.0000e+00
5.6100 0.00000000 0.0000e+00
5.6150 0.00000000 0.0000e+00
5.6200 0.00000000 0.0000e+00
5.6250 0.00000000 0.0000e+00
5.6300 0.00000000 0.0000e+00
5.6350 0.00000000 0.0000e+00
5.6400 0.00000000 0.0000e+00
5.6450 0.00000000 0.0000e+00
5.6500 0.00000000 0.0000e+00
5.6550 0.00000000 0.0000e+00
5.6600 0.00000000 0.0000e+00
5.6650 0.00000000 0.0000e+00
5.6700 0.00000000 0.0000e+00
5.6750 0.00000000 0.0000e+00
5.6800 0.00000000 0.0000e+00
5.6850 0.00000000 0.0000e+00
5.6900 0.00000000 0.0000e+00
5.6950 0.00000000 0.0000e+00
5.7000 0.00000000 0.0000e+00
5.7050 0.00000000 0.0000e+00
5.7100 0.00000000 0.0000e+00
5.7150 0.00000000 0.0000e+00
5.7200 0.00000000 0.0000e+00
5.7250 0.00000000 0.0000e+00
5.7300 0.00000000 0.0000e+00
5.7350 0.00000000 0.0000e+00
5.7400 0.00000000 0.0000e+00
5.7450 0.00000000 0.0000e+00
5.7500 0.00000000 0.0000e+00
5.7550 0.00000000 0.0000e+00
5.7600 0.00000000 0.0000e+00
5.7650 0.00000000 0.0000e+00
5.7700 0.00000000 0.0000e+00
5.7750 0.00000000 0.0000e+00
5.7800 0.00000000 0.0000e+00
5.7850 0.00000000 0.0000e+00
5.7900 0.00000000 0.0000e+00
5.7950 0.00000000 0.0000e+00
5.8000 0.00000000 0.0000e+00
5.8050 0.00000000 0.0000e+00
5.8100 0.00000000 0.0000e+00
5.8150 0.00000000 0.0000e+00
5.8200 0.00000000 0.0000e+00
5.8250 0.00000000 0.0000e+00
5.8300 0.00000000 0.0000e+00
5.8350 0.00000000 0.0000e+00
5.8400 0.00000000 0.0000e+00
5.8450 0.00000000 0.0000e+00
5.8500 0.00000000 0.0000e+00
5.8550 0.00000000 0.0000e+00
5.8600 0.00000000 0.0000e+00
5.8650 0.00000000 0.0000e+00
5.8700 0.00000000 0.0000e+00
5.8750 0.00000000 0.0000e+00
5.8800 0.00000000 0.0000e+00
5.8850 0.00000000 0.0000e+00
5.8900 0.00000000 0.0000e+00
5.8950 0.00000000 0.0000e+00
5.9000 0.00000000 0.0000e+00
5.9050 0.00000000 0.0000e+00
5.9100 0.00000000 0.0000e+00
5.9150 0.00000000 0.0000e+00
5.9200 0.00000000 0.0000e+00
5.9250 0.00000000 0.0000e+00
5.9300 0.00000000 0.0000e+00
5.9350 0.00000000 0.0000e+00
5.9400 0.00000000 0.0000e+00
5.9450 0.00000000 0.0000e+00
5.9500 0.00000000 0.0000e+00
5.9550 0.00000000 0.0000e+00
5.9600 0.00000000 0.0000e+00
5.9650 0.00000000 0.0000e+00
5.9700 0.00000000 0.0000e+00
5.9750 0.00000000 0.0000e+00
5.9800 0.00000000 0.0000e+00
5.9850 0.00000000 0.0000e+00
5.9900 0.00000000 0.0000e+00
5.9950 0.00000000 0.0000e+00
6.0000 0.00000000 0.0000e+00
6.0050 0.00000000 0.0000e+00
6.0100 0.00000000 0.0000e+00
6.0150 0.00000000 0.0000e+00
6.0200 0.00000000 0.0000e+00
6.0250 0.00000000 0.0000e+00
6.0300 0.00000000 0.0000e+00
6.0350 0.00000000 0.0000e+00
6.0400 0.00000000 0.0000e+00
6.0450 0.00000000 0.0000e+00
6.0500 0.00000000 0.0000e+00
6.0550 0.00000000 0.0000e+00
6.0600 0.00000000 0.0000e+00
6.0650 0.00000000 0.0000e+00
6.0700 0.00000000 0.0000e+00
6.0750 0.00000000 0.0000e+00
6.0800 0.00000000 0.0000e+00
6.0850 0.00000000 0.0000e+00
6.0900 0.00000000 0.0000e+00
6.0950 0.00000000 0.0000e+00
6.1000 0.00000000 0.0000e+00
6.1050 0.00000000 0.0000e+00
6.1100 0.00000000 0.0000e+00
6.1150 0.00000000 0.0000e+00
6.1200 0.00000000 0.0000e+00
6.1250 0.00000000 0.0000e+00
6.1300 0.00000000 0.0000e+00
6.1350 0.00000000 0.0000e+00
6.1400 0.00000000 0.0000e+00
6.1450 0.00000000 0.0000e+00
6.1500 0.00000000 0.0000e+00
6.1550 0.00000000 0.0000e+00
6.1600 0.00000000 0.0000e+00
6.1650 0.00000000 0.0000e+00
6.1700 0.00000000 0.0000e+00
6.1750 0.00000000 0.0000e+00
6.1800 0.00000000 0.0000e+00
6.1850 0.00000000 0.0000e+00
6.1900 0.00000000 0.0000e+00
6.1950 0.00000000 0.0000e+00
6.2000 0.00000000 0.0000e+00
6.2050 0.00000000 0.0000e+00
6.2100 0.00000000 0.0000e+00
6.2150 0.00000000 0.0000e+00
6.2200 0.00000000 0.0000e+00
6.2250 0.00000000 0.0000e+00
6.2300 0.00000000 0.0000e+00
6.2350 0.00000000 0.0000e+00
6.2400 0.00000000 0.0000e+00
6.2450 0.00000000 0.0000e+00
6.2500 0.00000000 0.0000e+00
6.2550 0.00000000 0.0000e+00
6.2600 0.00000000 0.0000e+00
6.2650 0.00000000 0.0000e+00
6.2700 0.00000000 0.0000e+00
6.2750 0.00000000 0.0000e+00
6.2800 0.00000000 0.0000e+00
6.2850 0.00000000 0.0000e+00
6.2900 0.00000000 0.0000e+00
6.2950 0.00000000 0.0000e+00
6.3000 0.00000000 0.0000e+00
6.3050 0.00000000 0.0000e+00
6.3100 0.00000000 0.0000e+00
6.3150 0.00000000 0.0000e+00
6.3200 0.00000000 0.0000e+00
6.3250 0.00000000 0.0000e+00
6.3300 0.00000000 0.0000e+00
6.3350 0.00000000 0.0000e+00
6.3400 0.00000000 0.0000e+00
6.3450 0.00000000 0.0000e+00
6.3500 0.00000000 0.0000e+00
6.3550 0.00000000 0.0000e+00
6.3600 0.00000000 0.0000e+00
6.3650 0.00000000 0.0000e+00
6.3700 0.00000000 0.0000e+00
6.3750 0.00000000 0.0000e+00
6.3800 0.00000000 0.0000e+00
6.3850 0.00000000 0.0000e+00
6.3900 0.00000000 0.0000e+00
6.3950 0.00000000 0.0000e+00
6.4000 0.00000000 0.0000e+00
6.4050 0.00000000 0.0000e+00
6.4100 0.00000000 0.0000e+00
6.4150 0.00000000 0.0000e+00
6.4200 0.00000000 0.0000e+00
6.4250 0.00000000 0.0000e+00
6.4300 0.00000000 0.0000e+00
6.4350 0.00000000 0.0000e+00
6.4400 0.00000000 0.0000e+00
6.4450 0.00000000 0.0000e+00
6.4500 0.00000000 0.0000e+00
6.4550 0.00000000 0.0000e+00
6.4600 0.00000000 0.0000e+00
6.4650 0.00000000 0.0000e+00
6.4700 0.00000000 0.0000e+00
6.4750 0.00000000 0.0000e+00
6.4800 0.00000000 0.0000e+00
6.4850 0.00000000 0.0000e+00
6.4900 0.00000000 0.0000e+00
6.4950 0.00000000 0.0000e+00
6.5000 0.00000000 0.0000e+00
6.5050 0.00000000 0.0000e+00
6.5100 0.00000000 0.0000e+00
6.5150 0.00000000 0.0000e+00
6.5200 0.00000000 0.0000e+00
6.5250 0.00000000 0.0000e+00
6.5300 0.00000000 0.0000e+00
6.5350 0.00000000 0.0000e+00
6.5400 0.00000000 0.0000e+00
6.5450 0.00000000 0.0000e+00
6.5500 0.00000000 0.0000e+00
6.5550 0.00000000 0.0000e+00
6.5600 0.00000000 0.0000e+00
6.5650 0.00000000 0.0000e+00
6.5700 0.00000000 0.0000e+00
6.5750 0.00000000 0.0000e+00
6.5800 0.00000000 0.0000e+00
6.5850 0.00000000 0.0000e+00
6.5900 0.00000000 0.0000e+00
6.5950 0.00000000 0.0000e+00
6.6000 0.00000000 0.0000e+00
6.6050 0.00000000 0.0000e+00
6.6100 0.00000000 0.0000e+00
6.6150 0.00000000 0.0000e+00
6.6200 0.00000000 0.0000e+00
6.6250 0.00000000 0.0000e+00
6.6300 0.00000000 0.0000e+00
6.6350 0.00000000 0.0000e+00
6.6400 0.00000000 0.0000e+00
6.6450 0.00000000 0.0000e+00
6.6500 0.00000000 0.0000e+00
6.6550 0.00000000 0.0000e+00
6.6600 0.00000000 0.0000e+00
6.6650 0.00000000 0.0000e+00
6.6700 0.00000000 0.0000e+00
6.6750 0.00000000 0.0000e+00
6.6800 0.00000000 0.0000e+00
6.6850 0.00000000 0.0000e+00
6.6900 0.00000000 0.0000e+00
6.6950 0.00000000 0.0000e+00
6.7000 0.00000000 0.0000e+00
6.7050 0.00000000 0.0000e+00
6.7100 0.00000000 0.0000e+00
6.7150 0.00000000 0.0000e+00
6.7200 0.00000000 0.0000e+00
6.7250 0.00000000 0.0000e+00
6.7300 0.00000000 0.0000e+00
6.7350 0.00000000 0.0000e+00
6.7400 0.00000000 0.0000e+00
6.7450 0.00000000 0.0000e+00
6.7500 0.00000000 0.0000e+00
6.7550 0.00000000 0.0000e+00
6.7600 0.00000000 0.0000e+00
6.7650 0.00000000 0.0000e+00
6.7700 0.00000000 0.0000e+00
6.7750 0.00000000 0.0000e+00
6.7800 0.00000000 0.0000e+00
6.7850 0.00000000 0.0000e+00
6.7900 0.00000000 0.0000e+00
6.7950 0.00000000 0.0000e+00
6.8000 0.00000000 0.0000e+00
6.8050 0.00000000 0.0000e+00
6.8100 0.00000000 0.0000e+00
6.8150 0.00000000 0.0000e+00
6.8200 0.00000000 0.0000e+00
6.8250 0.00000000 0.0000e+00
6.8300 0.00000000 0.0000e+00
6.8350 0.00000000 0.0000e+00
6.8400 0.00000000 0.0000e+00
6.8450 0.00000000 0.0000e+00
6.8500 0.00000000 0.0000e+00
6.8550 0.00000000 0.0000e+00
6.8600 0.00000000 0.0000e+00
6.8650 0.00000000 0.0000e+00
6.8700 0.00000000 0.0000e+00
6.8750 0.00000000 0.0000e+00
6.8800 0.00000000 0.0000e+00
6.8850 0.00000000 0.0000e+00
6.8900 0.00000000 0.0000e+00
6.8950 0.00000000 0.0000e+00
6.9000 0.00000000 0.0000e+00
6.9050 0.00000000 0.0000e+00
6.9100 0.00000000 0.0000e+00
6.9150 0.00000000 0.0000e+00
6.9200 0.00000000 0.0000e+00
6.9250 0.00000000 0.0000e+00
6.9300 0.00000000 0.0000e+00
6.9350 0.00000000 0.0000e+00
6.9400 0.00000000 0.0000e+00
6.9450 0.00000000 0.0000e+00
6.9500 0.00000000 0.0000e+00
6.9550 0.00000000 0.0000e+00
6.9600 0.00000000 0.0000e+00
6.9650 0.00000000 0.0000e+00
6.9700 0.00000000 0.0000e+00
6.9750 0.00000000 0.0000e+00
6.9800 0.00000000 0.0000e+00
6.9850 0.00000000 0.0000e+00
6.9900 0.00000000 0.0000e+00
6.9950 0.00000000 0.0000e+00
7.0000 0.00000000 0.0000e+00
7.0050 0.00000000 0.0000e+00
7.0100 0.00000000 0.0000e+00
7.0150 0.00000000 0.0000e+00
7.0200 0.00000000 0.0000e+00
7.0250 0.00000000 0.0000e+00
7.0300 0.00000000 0.0000e+00
7.0350 0.00000000 0.0000e+00
7.0400 0.00000000 0.0000e+00
7.0450 0.00000000 0.0000e+00
7.0500 0.00000000 0.0000e+00
7.0550 0.00000000 0.0000e+00
7.0600 0.00000000 0.0000e+00
7.0650 0.00000000 0.0000e+00
7.0700 0.00000000 0.0000e+00
7.0750 0.00000000 0.0000e+00
7.0800 0.00000000 0.0000e+00
7.0850 0.00000000 0.0000e+00
7.0900 0.00000000 0.0000e+00
7.0950 0.00000000 0.0000e+00
7.1000 0.00000000 0.0000e+00
7.1050 0.00000000 0.0000e+00
7.1100 0.00000000 0.0000e+00
7.1150 0.00000000 0.0000e+00
7.1200 0.00000000 0.0000e+00
7.1250 0.00000000 0.0000e+00
7.1300 0.00000000 0.0000e+00
7.1350 0.00000000 0.0000e+00
7.1400 0.00000000 0.0000e+00
7.1450 0.00000000 0.0000e+00
7.1500 0.00000000 0.0000e+00
7.1550 0.00000000 0.0000e+00
7.1600 0.00000000 0.0000e+00
7.1650 0.00000000 0.0000e+00
7.1700 0.00000000 0.0000e+00
7.1750 0.00000000 0.0000e+00
7.1800 0.00000000 0.0000e+00
7.1850 0.00000000 0.0000e+00
7.1900 0.00000000 0.0000e+00
7.1950 0.00000000 0.0000e+00
7.2000 0.00000000 0.0000e+00
7.2050 0.00000000 0.0000e+00
7.2100 0.00000000 0.0000e+00
7.2150 0.00000000 0.0000e+00
7.2200 0.00000000 0.0000e+00
7.2250 0.00000000 0.0000e+00
7.2300 0.00000000 0.0000e+00
7.2350 0.00000000 0.0000e+00
7.2400 0.00000000 0.0000e+00
7.2450 0.00000000 0.0000e+00
7.2500 0.00000000 0.0000e+00
7.2550 0.00000000 0.0000e+00
7.2600 0.00000000 0.0000e+00
7.2650 0.00000000 0.0000e+00
7.2700 0.00000000 0.0000e+00
7.2750 0.00000000 0.0000e+00
7.2800 0.00000000 0.0000e+00
7.2850 0.00000000 0.0000e+00
7.2900 0.00000000 0.0000e+00
7.2950 0.00000000 0.0000e+00
7.3000 0.00000000 0.0000e+00
7.3050 0.00000000 0.0000e+00
7.3100 0.00000000 0.0000e+00
7.3150 0.00000000 0.0000e+00
7.3200 0.00000000 0.0000e+00
7.3250 0.00000000 0.0000e+00
7.3300 0.00000000 0.0000e+00
7.3350 0.00000000 0.0000e+00
7.3400 0.00000000 0.0000e+00
7.3450 0.00000000 0.0000e+00
7.3500 0.00000000 0.0000e+00
7.3550 0.00000000 0.0000e+00
7.3600 0.00000000 0.0000e+00
7.3650 0.00000000 0.0000e+00
7.3700 0.00000000 0.0000e+00
7.3750 0.00000000 0.0000e+00
7.3800 0.00000000 0.0000e+00
7.3850 0.00000000 0.0000e+00
7.3900 0.00000000 0.0000e+00
7.3950 0.00000000 0.0000e+00
7.4000 0.00000000 0.0000e+00
7.4050 0.00000000 0.0000e+00
7.4100 0.00000000 0.0000e+00
7.4150 0.00000000 0.0000e+00
7.4200 0.00000000 0.0000e+00
7.4250 0.00000000 0.0000e+00
7.4300 0.00000000 0.0000e+00
7.4350 0.00000000 0.0000e+00
7.4400 0.00000000 0.0000e+00
7.4450 0.00000000 0.0000e+00
7.4500 0.00000000 0.0000e+00
7.4550 0.00000000 0.0000e+00
7.4600 0.00000000 0.0000e+00
7.4650 0.00000000 0.0000e+00
7.4700 0.00000000 0.0000e+00
7.4750 0.00000000 0.0000e+00
7.4800 0.00000000 0.0000e+00
7.4850 0.00000000 0.0000e+00
7.4900 0.00000000 0.0000e+00
7.4950 0.00000000 0.0000e+00
7.5000 0.00000000 0.0000e+00
7.5050 0.00000000 0.0000e+00
7.5100 0.00000000 0.0000e+00
7.5150 0.00000000 0.0000e+00
7.5200 0.00000000 0.0000e+00
7.5250 0.00000000 0.0000e+00
7.5300 0.00000000 0.0000e+00
7.5350 0.00000000 0.0000e+00
7.5400 0.00000000 0.0000e+00
7.5450 0.00000000 0.0000e+00
7.5500 0.00000000 0.0000e+00
7.5550 0.00000000 0.0000e+00
7.5600 0.00000000 0.0000e+00
7.5650 0.00000000 0.0000e+00
7.5700 0.00000000 0.0000e+00
7.5750 0.00000000 0.0000e+00
7.5800 0.00000000 0.0000e+00
7.5850 0.00000000 0.0000e+00
7.5900 0.00000000 0.0000e+00
7.5950 0.00000000 0.0000e+00
7.6000 0.00000000 0.0000e+00
7.6050 0.00000000 0.0000e+00
7.6100 0.00000000 0.0000e+00
7.6150 0.00000000 0.0000e+00
7.6200 0.00000000 0.0000e+00
7.6250 0.00000000 0.0000e+00
7.6300 0.00000000 0.0000e+00
7.6350 0.00000000 0.0000e+00
7.6400 0.00000000 0.0000e+00
7.6450 0.00000000 0.0000e+00
7.6500 0.00000000 0.0000e+00
7.6550 0.00000000 0.0000e+00
7.6600 0.00000000 0.0000e+00
7.6650 0.00000000 0.0000e+00
7.6700 0.00000000 0.0000e+00
7.6750 0.00000000 0.0000e+00
7.6800 0.00000000 0.0000e+00
7.6850 0.00000000 0.0000e+00
7.6900 0.00000000 0.0000e+00
7.6950 0.00000000 0.0000e+00
7.7000 0.00000000 0.0000e+00
7.7050 0.00000000 0.0000e+00
7.7100 0.00000000 0.0000e+00
7.7150 0.00000000 0.0000e+00
7.7200 0.00000000 0.0000e+00
7.7250 0.00000000 0.0000e+00
7.7300 0.00000000 0.0000e+00
7.7350 0.00000000 0.0000e+00
7.7400 0.00000000 0.0000e+00
7.7450 0.00000000 0.0000e+00
7.7500 0.00000000 0.0000e+00
7.7550 0.00000000 0.0000e+00
7.7600 0.00000000 0.0000e+00
7.7650 0.00000000 0.0000e+00
7.7700 0.00000000 0.0000e+00
7.7750 0.00000000 0.0000e+00
7.7800 0.00000000 0.0000e+00
7.7850 0.00000000 0.0000e+00
7.7900 0.00000000 0.0000e+00
7.7950 0.00000000 0.0000e+00
7.8000 0.00000000 0.0000e+00
7.8050 0.00000000 0.0000e+00
7.8100 0.00000000 0.0000e+00
7.8150 0.00000000 0.0000e+00
7.8200 0.00000000 0.0000e+00
7.8250 0.00000000 0.0000e+00
7.8300 0.00000000 0.0000e+00
7.8350 0.00000000 0.0000e+00
7.8400 0.00000000 0.0000e+00
7.8450 0.00000000 0.0000e+00
7.8500 0.00000000 0.0000e+00
7.8550 0.00000000 0.0000e+00
7.8600 0.00000000 0.0000e+00
7.8650 0.00000000 0.0000e+00
7.8700 0.00000000 0.0000e+00
7.8750 0.00000000 0.0000e+00
7.8800 0.00000000 0.0000e+00
7.8850 0.00000000 0.0000e+00
7.8900 0.00000000 0.0000e+00
7.8950 0.00000000 0.0000e+00
7.9000 0.00000000 0.0000e+00
7.9050 0.00000000 0.0000e+00
7.9100 0.00000000 0.0000e+00
7.9150 0.00000000 0.0000e+00
7.9200 0.00000000 0.0000e+00
7.9250 0.00000000 0.0000e+00
7.9300 0.00000000 0.0000e+00
7.9350 0.00000000 0.0000e+00
7.9400 0.00000000 0.0000e+00
7.9450 0.00000000 0.0000e+00
7.9500 0.00000000 0.0000e+00
7.9550 0.00000000 0.0000e+00
7.9600 0.00000000 0.0000e+00
7.9650 0.00000000 0.0000e+00
7.9700 0.00000000 0.0000e+00
7.9750 0.00000000 0.0000e+00
7.9800 0.00000000 0.0000e+00
7.9850 0.00000000 0.0000e+00
7.9900 0.00000000 0.0000e+00
7.9950 0.00000000 0.0000e+00
8.0000 0.00000000 0.0000e+00
