0.0050 0.00000000 0.0000e+00
0.0100 0.00000000 0.0000e+00
0.0150 0.00000000 0.0000e+00
0.0200 0.00000000 0.0000e+00
0.0250 0.00000000 0.0000e+00
0.0300 0.00000000 0.0000e+00
0.0350 0.00000000 0.0000e+00
0.0400 0.00000000 0.0000e+00
0.0450 0.00000000 0.0000e+00
0.0500 0.00000000 0.0000e+00
0.0550 0.00000000 0.0000e+00
0.0600 0.00000000 0.0000e+00
0.0650 0.00000000 0.0000e+00
0.0700 0.00000000 0.0000e+00
0.0750 0.00000000 0.0000e+00
0.0800 0.00000000 0.0000e+00
0.0850 0.00000000 0.0000e+00
0.0900 0.00000000 0.0000e+00
0.0950 0.00000000 0.0000e+00
0.1000 0.00000000 0.0000e+00
0.1050 0.00000000 0.0000e+00
0.1100 0.00000000 0.0000e+00
0.1150 0.00000000 0.0000e+00
0.1200 0.00000000 0.0000e+00
0.1250 0.00000000 0.0000e+00
0.1300 0.00000000 0.0000e+00
0.1350 0.00000000 0.0000e+00
0.1400 0.00000000 0.0000e+00
0.1450 0.00000000 0.0000e+00
0.1500 0.00000000 0.0000e+00
0.1550 0.00000000 0.0000e+00
0.1600 0.00000000 0.0000e+00
0.1650 0.00000000 0.0000e+00
0.1700 0.00000000 0.0000e+00
0.1750 0.00000000 0.0000e+00
0.1800 0.00000000 0.0000e+00
0.1850 0.00000000 0.0000e+00
0.1900 0.00000000 0.0000e+00
0.1950 0.00000000 0.0000e+00
0.2000 0.00000000 0.0000e+00
0.2050 0.00000000 0.0000e+00
0.2100 0.00000000 0.0000e+00
0.2150 0.00000000 0.0000e+00
0.2200 0.00000000 0.0000e+00
0.2250 0.00000000 0.0000e+00
0.2300 0.00000000 0.0000e+00
0.2350 0.00000000 0.0000e+00
0.2400 0.00000000 0.0000e+00
0.2450 0.00000000 0.0000e+00
0.2500 0.00000000 0.0000e+00
0.2550 0.00000000 0.0000e+00
0.2600 0.00000000 0.0000e+00
0.2650 0.00000000 0.0000e+00
0.2700 0.00000000 0.0000e+00
0.2750 0.00000000 0.0000e+00
0.2800 0.00000000 0.0000e+00
0.2850 0.00000000 0.0000e+00
0.2900 0.00000000 0.0000e+00
0.2950 0.00000000 0.0000e+00
0.3000 0.00000000 0.0000e+00
0.3050 0.00000000 0.0000e+00
0.3100 0.00000000 0.0000e+00
0.3150 0.00000000 0.0000e+00
0.3200 0.00000000 0.0000e+00
0.3250 0.00000000 0.0000e+00
0.3300 0.00000000 0.0000e+00
0.3350 0.00000000 0.0000e+00
0.3400 0.00000000 0.0000e+00
0.3450 0.00000000 0.0000e+00
0.3500 0.00000000 0.0000e+00
0.3550 0.00000000 0.0000e+00
0.3600 0.00000000 0.0000e+00
0.3650 0.00000000 0.0000e+00
0.3700 0.00000000 0.0000e+00
0.3750 0.00000000 0.0000e+00
0.3800 0.00000000 0.0000e+00
0.3850 0.00000000 0.0000e+00
0.3900 0.00000000 0.0000e+00
0.3950 0.00000000 0.0000e+00
0.4000 0.00000000 0.0000e+00
0.4050 0.00000000 0.0000e+00
0.4100 0.00000000 0.0000e+00
0.4150 0.00000000 0.0000e+00
0.4200 0.00000000 0.0000e+00
0.4250 0.00000000 0.0000e+00
0.4300 0.00000000 0.0000e+00
0.4350 0.00000000 0.0000e+00
0.4400 0.00000000 0.0000e+00
0.4450 0.00000000 0.0000e+00
0.4500 0.00000000 0.0000e+00
0.4550 0.00000000 0.0000e+00
0.4600 0.00000000 0.0000e+00
0.4650 0.00000000 0.0000e+00
0.4700 0.00000000 0.0000e+00
0.4750 0.00000000 0.0000e+00
0.4800 0.00000000 0.0000e+00
0.4850 0.00000000 0.0000e+00
0.4900 0.00000000 0.0000e+00
0.4950 0.00000000 0.0000e+00
0.5000 0.00000000 0.0000e+00
0.5050 0.00000000 0.0000e+00
0.5100 0.00000000 0.0000e+00
0.5150 0.00000000 0.0000e+00
0.5200 0.00000000 0.0000e+00
0.5250 0.00000000 0.0000e+00
0.5300 0.00000000 0.0000e+00
0.5350 0.00000000 0.0000e+00
0.5400 0.00000000 0.0000e+00
0.5450 0.00000000 0.0000e+00
0.5500 0.00000000 0.0000e+00
0.5550 0.00000000 0.0000e+00
0.5600 0.00000000 0.0000e+00
0.5650 0.00000000 0.0000e+00
0.5700 0.00000000 0.0000e+00
0.5750 0.00000000 0.0000e+00
0.5800 0.00000000 0.0000e+00
0.5850 0.00000000 0.0000e+00
0.5900 0.00000000 0.0000e+00
0.5950 0.00000000 0.0000e+00
0.6000 0.00000000 0.0000e+00
0.6050 0.00000000 0.0000e+00
0.6100 0.00000000 0.0000e+00
0.6150 0.00000000 0.0000e+00
0.6200 0.00000000 0.0000e+00
0.6250 0.00000000 0.0000e+00
0.6300 0.00000000 0.0000e+00
0.6350 0.00000000 0.0000e+00
0.6400 0.00000000 0.0000e+00
0.6450 0.00000000 0.0000e+00
0.6500 0.00000000 0.0000e+00
0.6550 0.00000000 0.0000e+00
0.6600 0.00000000 0.0000e+00
0.6650 0.00000000 0.0000e+00
0.6700 0.00000000 0.0000e+00
0.6750 0.00000000 0.0000e+00
0.6800 0.00000000 0.0000e+00
0.6850 0.00000000 0.0000e+00
0.6900 0.00000000 0.0000e+00
0.6950 0.00000000 0.0000e+00
0.7000 0.00000000 0.0000e+00
0.7050 0.00000000 0.0000e+00
0.7100 0.00000000 0.0000e+00
0.7150 0.00000000 0.0000e+00
0.7200 0.00000000 0.0000e+00
0.7250 0.00000000 0.0000e+00
0.7300 0.00000000 0.0000e+00
0.7350 0.00000000 0.0000e+00
0.7400 0.00000000 0.0000e+00
0.7450 0.00000000 0.0000e+00
0.7500 0.00000000 0.0000e+00
0.7550 0.00000000 0.0000e+00
0.7600 0.00000000 0.0000e+00
0.7650 0.00000000 0.0000e+00
0.7700 0.00000000 0.0000e+00
0.7750 0.00000000 0.0000e+00
0.7800 0.00000000 0.0000e+00
0.7850 0.00000000 0.0000e+00
0.7900 0.00000000 0.0000e+00
0.7950 0.00000000 0.0000e+00
0.8000 0.00000000 0.0000e+00
0.8050 0.00000000 0.0000e+00
0.8100 0.00000000 0.0000e+00
0.8150 0.00000000 0.0000e+00
0.8200 0.00000000 0.0000e+00
0.8250 0.00000000 0.0000e+00
0.8300 0.00000000 0.0000e+00
0.8350 0.00000000 0.0000e+00
0.8400 0.00000000 0.0000e+00
0.8450 0.00000000 0.0000e+00
0.8500 0.00000000 0.0000e+00
0.8550 0.00000000 0.0000e+00
0.8600 0.00000000 0.0000e+00
0.8650 0.00000000 0.0000e+00
0.8700 0.00000000 0.0000e+00
0.8750 0.00000000 0.0000e+00
0.8800 0.00000000 0.0000e+00
0.8850 0.00000000 0.0000e+00
0.8900 0.00000000 0.0000e+00
0.8950 0.00000000 0.0000e+00
0.9000 0.00000000 0.0000e+00
0.9050 0.00000000 0.0000e+00
0.9100 0.00000000 0.0000e+00
0.9150 0.00000000 0.0000e+00
0.9200 0.00000000 0.0000e+00
0.9250 0.00000000 0.0000e+00
0.9300 0.00000000 0.0000e+00
0.9350 0.00000000 0.0000e+00
0.9400 0.00000000 0.0000e+00
0.9450 0.00000000 0.0000e+00
0.9500 0.00000000 0.0000e+00
0.9550 0.00000000 0.0000e+00
0.9600 0.00000000 0.0000e+00
0.9650 0.00000000 0.0000e+00
0.9700 0.00000000 0.0000e+00
0.9750 0.00000000 0.0000e+00
0.9800 0.00000000 0.0000e+00
0.9850 0.00000000 0.0000e+00
0.9900 0.00000000 0.0000e+00
0.9950 0.00000000 0.0000e+00
1.0000 0.00000000 0.0000e+00
1.0050 0.00000000 0.0000e+00
1.0100 0.00000000 0.0000e+00
1.0150 0.00000000 0.0000e+00
1.0200 0.00000000 0.0000e+00
1.0250 0.00000000 0.0000e+00
1.0300 0.00000000 0.0000e+00
1.0350 0.00000000 0.0000e+00
1.0400 0.00000000 0.0000e+00
1.0450 0.00000000 0.0000e+00
1.0500 0.00000000 0.0000e+00
1.0550 0.00000000 0.0000e+00
1.0600 0.00000000 0.0000e+00
1.0650 0.00000000 0.0000e+00
1.0700 0.00000000 0.0000e+00
1.0750 0.00000000 0.0000e+00
1.0800 0.00000000 0.0000e+00
1.0850 0.00000000 0.0000e+00
1.0900 0.00000000 0.0000e+00
1.0950 0.00000000 0.0000e+00
1.1000 0.00000000 0.0000e+00
1.1050 0.00000000 0.0000e+00
1.1100 0.00000000 0.0000e+00
1.1150 0.00000000 0.0000e+00
1.1200 0.00000000 0.0000e+00
1.1250 0.00000000 0.0000e+00
1.1300 0.00000000 0.0000e+00
1.1350 0.00000000 0.0000e+00
1.1400 0.00000000 0.0000e+00
1.1450 0.00000000 0.0000e+00
1.1500 0.00000000 0.0000e+00
1.1550 0.00000000 0.0000e+00
1.1600 0.00000000 0.0000e+00
1.1650 0.00000000 0.0000e+00
1.1700 0.00000000 0.0000e+00
1.1750 0.00000000 0.0000e+00
1.1800 0.00000000 0.0000e+00
1.1850 0.00000000 0.0000e+00
1.1900 0.00000000 0.0000e+00
1.1950 0.00000000 0.0000e+00
1.2000 0.00000000 0.0000e+00
1.2050 0.00000000 0.0000e+00
1.2100 0.00000000 0.0000e+00
1.2150 0.00000000 0.0000e+00
1.2200 0.00000000 0.0000e+00
1.2250 0.00000000 0.0000e+00
1.2300 0.00000000 0.0000e+00
1.2350 0.00000000 0.0000e+00
1.2400 0.00000000 0.0000e+00
1.2450 0.00000000 0.0000e+00
1.2500 0.00000000 0.0000e+00
1.2550 0.00000000 0.0000e+00
1.2600 0.00000000 0.0000e+00
1.2650 0.00000000 0.0000e+00
1.2700 0.00000000 0.0000e+00
1.2750 0.00000000 0.0000e+00
1.2800 0.00000000 0.0000e+00
1.2850 0.00000000 0.0000e+00
1.2900 0.00000000 0.0000e+00
1.2950 0.00000000 0.0000e+00
1.3000 0.00000000 0.0000e+00
1.3050 0.00000000 0.0000e+00
1.3100 0.00000000 0.0000e+00
1.3150 0.00000000 0.0000e+00
1.3200 0.00000000 0.0000e+00
1.3250 0.00000000 0.0000e+00
1.3300 0.00000000 0.0000e+00
1.3350 0.00000000 0.0000e+00
1.3400 0.00000000 0.0000e+00
1.3450 0.00000000 0.0000e+00
1.3500 0.00000000 0.0000e+00
1.3550 0.00000000 0.0000e+00
1.3600 0.00000000 0.0000e+00
1.3650 0.00000000 0.0000e+00
1.3700 0.00000000 0.0000e+00
1.3750 0.00000000 0.0000e+00
1.3800 0.00000000 0.0000e+00
1.3850 0.00000000 0.0000e+00
1.3900 0.00000000 0.0000e+00
1.3950 0.00000000 0.0000e+00
1.4000 0.00000000 0.0000e+00
1.4050 0.00000000 0.0000e+00
1.4100 0.00000000 0.0000e+00
1.4150 0.00000000 0.0000e+00
1.4200 0.00000000 0.0000e+00
1.4250 0.00000000 0.0000e+00
1.4300 0.00000000 0.0000e+00
1.4350 0.00000000 0.0000e+00
1.4400 0.00000000 0.0000e+00
1.4450 0.00000000 0.0000e+00
1.4500 0.00000000 0.0000e+00
1.4550 0.00000000 0.0000e+00
1.4600 0.00000000 0.0000e+00
1.4650 0.00000000 0.0000e+00
1.4700 0.00000000 0.0000e+00
1.4750 0.00000000 0.0000e+00
1.4800 0.00000000 0.0000e+00
1.4850 0.00000000 0.0000e+00
1.4900 0.00000000 0.0000e+00
1.4950 0.00000000 0.0000e+00
1.5000 0.00000000 0.0000e+00
1.5050 0.00000000 0.0000e+00
1.5100 0.00000000 0.0000e+00
1.5150 0.00000000 0.0000e+00
1.5200 0.00000000 0.0000e+00
1.5250 0.00000000 0.0000e+00
1.5300 0.00000000 0.0000e+00
1.5350 0.00000000 0.0000e+00
1.5400 0.00000000 0.0000e+00
1.5450 0.00000000 0.0000e+00
1.5500 0.00000000 0.0000e+00
1.5550 0.00000000 0.0000e+00
1.5600 0.00000000 0.0000e+00
1.5650 0.00000000 0.0000e+00
1.5700 0.00000000 0.0000e+00
1.5750 0.00000000 0.0000e+00
1.5800 0.00000000 0.0000e+00
1.5850 0.00000000 0.0000e+00
1.5900 0.00000000 0.0000e+00
1.5950 0.00000000 0.0000e+00
1.6000 0.00000000 0.0000e+00
1.6050 0.00000000 0.0000e+00
1.6100 0.00000000 0.0000e+00
1.6150 0.00000000 0.0000e+00
1.6200 0.00000000 0.0000e+00
1.6250 0.00000000 0.0000e+00
1.6300 0.00000000 0.0000e+00
1.6350 0.00000000 0.0000e+00
1.6400 0.00000000 0.0000e+00
1.6450 0.00000000 0.0000e+00
1.6500 0.00000000 0.0000e+00
1.6550 0.00000000 0.0000e+00
1.6600 0.00000000 0.0000e+00
1.6650 0.00000000 0.0000e+00
1.6700 0.00000000 0.0000e+00
1.6750 0.00000000 0.0000e+00
1.6800 0.00000000 0.0000e+00
1.6850 0.00000000 0.0000e+00
1.6900 0.00000000 0.0000e+00
1.6950 0.00000000 0.0000e+00
1.7000 0.00000000 0.0000e+00
1.7050 0.00000000 0.0000e+00
1.7100 0.00000000 0.0000e+00
1.7150 0.00000000 0.0000e+00
1.7200 0.00000000 0.0000e+00
1.7250 0.00000000 0.0000e+00
1.7300 0.00000000 0.0000e+00
1.7350 0.00000000 0.0000e+00
1.7400 0.00000000 0.0000e+00
1.7450 0.00000000 0.0000e+00
1.7500 0.00000000 0.0000e+00
1.7550 0.00000000 0.0000e+00
1.7600 0.00000000 0.0000e+00
1.7650 0.00000000 0.0000e+00
1.7700 0.00000000 0.0000e+00
1.7750 0.00000000 0.0000e+00
1.7800 0.00000000 0.0000e+00
1.7850 0.00000000 0.0000e+00
1.7900 0.00000000 0.0000e+00
1.7950 0.00000000 0.0000e+00
1.8000 0.00000000 0.0000e+00
1.8050 0.00000000 0.0000e+00
1.8100 0.00000000 0.0000e+00
1.8150 0.00000000 0.0000e+00
1.8200 0.00000000 0.0000e+00
1.8250 0.00000000 0.0000e+00
1.8300 0.00000000 0.0000e+00
1.8350 0.00000000 0.0000e+00
1.8400 0.00000000 0.0000e+00
1.8450 0.00000000 0.0000e+00
1.8500 0.00000000 0.0000e+00
1.8550 0.00000000 0.0000e+00
1.8600 0.00000000 0.0000e+00
1.8650 0.00000000 0.0000e+00
1.8700 0.00000000 0.0000e+00
1.8750 0.00000000 0.0000e+00
1.8800 0.00000000 0.0000e+00
1.8850 0.00000000 0.0000e+00
1.8900 0.00000000 0.0000e+00
1.8950 0.00000000 0.0000e+00
1.9000 0.00000000 0.0000e+00
1.9050 0.00000000 0.0000e+00
1.9100 0.00000000 0.0000e+00
1.9150 0.00000000 0.0000e+00
1.9200 0.00000000 0.0000e+00
1.9250 0.00000000 0.0000e+00
1.9300 0.00000000 0.0000e+00
1.9350 0.00000000 0.0000e+00
1.9400 0.00000000 0.0000e+00
1.9450 0.00000000 0.0000e+00
1.9500 0.00000000 0.0000e+00
1.9550 0.00000000 0.0000e+00
1.9600 0.00000000 0.0000e+00
1.9650 0.00000000 0.0000e+00
1.9700 0.00000000 0.0000e+00
1.9750 0.00000000 0.0000e+00
1.9800 0.00000000 0.0000e+00
1.9850 0.00000000 0.0000e+00
1.9900 0.00000000 0.0000e+00
1.9950 0.00000000 0.0000e+00
2.0000 0.00000000 0.0000e+00
2.0050 0.00000000 0.0000e+00
2.0100 0.00000000 0.0000e+00
2.0150 0.00000000 0.0000e+00
2.0200 0.00000000 0.0000e+00
2.0250 0.00000000 0.0000e+00
2.0300 0.00000000 0.0000e+00
2.0350 0.00000000 0.0000e+00
2.0400 0.00000000 0.0000e+00
2.0450 0.00000000 0.0000e+00
2.0500 0.00000000 0.0000e+00
2.0550 0.00000000 0.0000e+00
2.0600 0.00000000 0.0000e+00
2.0650 0.00000000 0.0000e+00
2.0700 0.00000000 0.0000e+00
2.0750 0.00000000 0.0000e+00
2.0800 0.00000000 0.0000e+00
2.0850 0.00000000 0.0000e+00
2.0900 0.00000000 0.0000e+00
2.0950 0.00000000 0.0000e+00
2.1000 0.00000000 0.0000e+00
2.1050 0.00000000 0.0000e+00
2.1100 0.00000000 0.0000e+00
2.1150 0.00000000 0.0000e+00
2.1200 0.00000000 0.0000e+00
2.1250 0.00000000 0.0000e+00
2.1300 0.00000000 0.0000e+00
2.1350 0.00000000 0.0000e+00
2.1400 0.00000000 0.0000e+00
2.1450 0.00000000 0.0000e+00
2.1500 0.00000000 0.0000e+00
2.1550 0.00000000 0.0000e+00
2.1600 0.00000000 0.0000e+00
2.1650 0.00000000 0.0000e+00
2.1700 0.00000000 0.0000e+00
2.1750 0.00000000 0.0000e+00
2.1800 0.00000000 0.0000e+00
2.1850 0.00000000 0.0000e+00
2.1900 0.00000000 0.0000e+00
2.1950 0.00000000 0.0000e+00
2.2000 0.00191552 6.9047e+09
2.2050 0.00191659 6.9086e+09
2.2100 0.00191767 6.9125e+09
2.2150 0.00191874 6.9164e+09
2.2200 0.00191981 6.9202e+09
2.2250 0.00192089 6.9241e+09
2.2300 0.00192196 6.9280e+09
2.2350 0.00192303 6.9318e+09
2.2400 0.00192411 6.9357e+09
2.2450 0.00192518 6.9396e+09
2.2500 0.00192625 6.9434e+09
2.2550 0.00192733 6.9473e+09
2.2600 0.00192840 6.9512e+09
2.2650 0.00192947 6.9550e+09
2.2700 0.00193055 6.9589e+09
2.2750 0.00193162 6.9628e+09
2.2800 0.00193269 6.9667e+09
2.2850 0.00193377 6.9705e+09
2.2900 0.00193484 6.9744e+09
2.2950 0.00193591 6.9783e+09
2.3000 0.00193699 6.9821e+09
2.3050 0.00193806 6.9860e+09
2.3100 0.00193913 6.9899e+09
2.3150 0.00194021 6.9937e+09
2.3200 0.00194128 6.9976e+09
2.3250 0.00194235 7.0015e+09
2.3300 0.00194343 7.0053e+09
2.3350 0.00194450 7.0092e+09
2.3400 0.00194557 7.0131e+09
2.3450 0.00194665 7.0169e+09
2.3500 0.00194772 7.0208e+09
2.3550 0.00194879 7.0247e+09
2.3600 0.00194987 7.0286e+09
2.3650 0.00195094 7.0324e+09
2.3700 0.00195201 7.0363e+09
2.3750 0.00195309 7.0402e+09
2.3800 0.00195416 7.0440e+09
2.3850 0.00195523 7.0479e+09
2.3900 0.00195631 7.0518e+09
2.3950 0.00195738 7.0556e+09
2.4000 0.00195845 7.0595e+09
2.4050 0.00195953 7.0634e+09
2.4100 0.00196060 7.0672e+09
2.4150 0.00196167 7.0711e+09
2.4200 0.00196275 7.0750e+09
2.4250 0.00196382 7.0788e+09
2.4300 0.00196489 7.0827e+09
2.4350 0.00196597 7.0866e+09
2.4400 0.00196704 7.0905e+09
2.4450 0.00196811 7.0943e+09
2.4500 0.00196919 7.0982e+09
2.4550 0.00197026 7.1021e+09
2.4600 0.00197133 7.1059e+09
2.4650 0.00197241 7.1098e+09
2.4700 0.00197348 7.1137e+09
2.4750 0.00197455 7.1175e+09
2.4800 0.00197563 7.1214e+09
2.4850 0.00197670 7.1253e+09
2.4900 0.00197777 7.1291e+09
2.4950 0.00197885 7.1330e+09
2.5000 0.00197992 7.1369e+09
2.5050 0.00201687 7.2701e+09
2.5100 0.00205454 7.4059e+09
2.5150 0.00209222 7.5417e+09
2.5200 0.00212990 7.6775e+09
2.5250 0.00216757 7.8133e+09
2.5300 0.00220525 7.9491e+09
2.5350 0.00224292 8.0849e+09
2.5400 0.00228060 8.2207e+09
2.5450 0.00231828 8.3565e+09
2.5500 0.00235595 8.4923e+09
2.5550 0.00239363 8.6281e+09
2.5600 0.00243130 8.7640e+09
2.5650 0.00246898 8.8998e+09
2.5700 0.00250665 9.0356e+09
2.5750 0.00254433 9.1714e+09
2.5800 0.00258201 9.3072e+09
2.5850 0.00261968 9.4430e+09
2.5900 0.00265736 9.5788e+09
2.5950 0.00269503 9.7146e+09
2.6000 0.00273271 9.8504e+09
2.6050 0.00277039 9.9862e+09
2.6100 0.00280806 1.0122e+10
2.6150 0.00284574 1.0258e+10
2.6200 0.00288341 1.0394e+10
2.6250 0.00292109 1.0529e+10
2.6300 0.00295876 1.0665e+10
2.6350 0.00299644 1.0801e+10
2.6400 0.00303412 1.0937e+10
2.6450 0.00307179 1.1073e+10
2.6500 0.00310947 1.1208e+10
2.6550 0.00314714 1.1344e+10
2.6600 0.00318482 1.1480e+10
2.6650 0.00322250 1.1616e+10
2.6700 0.00326017 1.1752e+10
2.6750 0.00329785 1.1888e+10
2.6800 0.00337512 1.2166e+10
2.6850 0.00346476 1.2489e+10
2.6900 0.00355441 1.2812e+10
2.6950 0.00364405 1.3135e+10
2.7000 0.00373370 1.3459e+10
2.7050 0.00382334 1.3782e+10
2.7100 0.00391299 1.4105e+10
2.7150 0.00400263 1.4428e+10
2.7200 0.00409228 1.4751e+10
2.7250 0.00418192 1.5074e+10
2.7300 0.00427157 1.5397e+10
2.7350 0.00436121 1.5721e+10
2.7400 0.00445086 1.6044e+10
2.7450 0.00454050 1.6367e+10
2.7500 0.00463015 1.6690e+10
2.7550 0.00471979 1.7013e+10
2.7600 0.00480944 1.7336e+10
2.7650 0.00489908 1.7659e+10
2.7700 0.00498873 1.7983e+10
2.7750 0.00507837 1.8306e+10
2.7800 0.00516802 1.8629e+10
2.7850 0.00525766 1.8952e+10
2.7900 0.00534731 1.9275e+10
2.7950 0.00543695 1.9598e+10
2.8000 0.00552659 1.9921e+10
2.8050 0.00566512 2.0421e+10
2.8100 0.00581790 2.0971e+10
2.8150 0.00597068 2.1522e+10
2.8200 0.00612346 2.2073e+10
2.8250 0.00627624 2.2624e+10
2.8300 0.00642902 2.3174e+10
2.8350 0.00658180 2.3725e+10
2.8400 0.00673458 2.4276e+10
2.8450 0.00688737 2.4826e+10
2.8500 0.00704015 2.5377e+10
2.8550 0.00719293 2.5928e+10
2.8600 0.00734571 2.6479e+10
2.8650 0.00749849 2.7029e+10
2.8700 0.00765127 2.7580e+10
2.8750 0.00780405 2.8131e+10
2.8800 0.00795683 2.8681e+10
2.8850 0.00810961 2.9232e+10
2.8900 0.00826239 2.9783e+10
2.8950 0.00841518 3.0334e+10
2.9000 0.00859316 3.0975e+10
2.9050 0.00881021 3.1758e+10
2.9100 0.00902727 3.2540e+10
2.9150 0.00924432 3.3322e+10
2.9200 0.00946137 3.4105e+10
2.9250 0.00967842 3.4887e+10
2.9300 0.00989547 3.5670e+10
2.9350 0.01011253 3.6452e+10
2.9400 0.01032958 3.7234e+10
2.9450 0.01054663 3.8017e+10
2.9500 0.01076368 3.8799e+10
2.9550 0.01098074 3.9582e+10
2.9600 0.01119779 4.0364e+10
2.9650 0.01141484 4.1146e+10
2.9700 0.01163189 4.1929e+10
2.9750 0.01184894 4.2711e+10
2.9800 0.01210640 4.3639e+10
2.9850 0.01239614 4.4684e+10
2.9900 0.01268588 4.5728e+10
2.9950 0.01297562 4.6772e+10
3.0000 0.01326536 4.7817e+10
3.0050 0.01355510 4.8861e+10
3.0100 0.01384484 4.9906e+10
3.0150 0.01413458 5.0950e+10
3.0200 0.01442432 5.1994e+10
3.0250 0.01471405 5.3039e+10
3.0300 0.01500379 5.4083e+10
3.0350 0.01529353 5.5128e+10
3.0400 0.01558327 5.6172e+10
3.0450 0.01588825 5.7271e+10
3.0500 0.01626951 5.8646e+10
3.0550 0.01665077 6.0020e+10
3.0600 0.01703203 6.1394e+10
3.0650 0.01741329 6.2769e+10
3.0700 0.01779455 6.4143e+10
3.0750 0.01817581 6.5517e+10
3.0800 0.01855707 6.6891e+10
3.0850 0.01893833 6.8266e+10
3.0900 0.01931959 6.9640e+10
3.0950 0.01970085 7.1014e+10
3.1000 0.02008211 7.2389e+10
3.1050 0.02050591 7.3916e+10
3.1100 0.02096205 7.5561e+10
3.1150 0.02141818 7.7205e+10
3.1200 0.02187432 7.8849e+10
3.1250 0.02233046 8.0493e+10
3.1300 0.02278659 8.2137e+10
3.1350 0.02324273 8.3782e+10
3.1400 0.02369887 8.5426e+10
3.1450 0.02415500 8.7070e+10
3.1500 0.02461114 8.8714e+10
3.1550 0.02509221 9.0448e+10
3.1600 0.02562221 9.2359e+10
3.1650 0.02615220 9.4269e+10
3.1700 0.02668219 9.6180e+10
3.1750 0.02721219 9.8090e+10
3.1800 0.02774218 1.0000e+11
3.1850 0.02827217 1.0191e+11
3.1900 0.02880217 1.0382e+11
3.1950 0.02933216 1.0573e+11
3.2000 0.02988269 1.0772e+11
3.2050 0.03052299 1.1002e+11
3.2100 0.03116329 1.1233e+11
3.2150 0.03180359 1.1464e+11
3.2200 0.03244390 1.1695e+11
3.2250 0.03308420 1.1926e+11
3.2300 0.03372450 1.2156e+11
3.2350 0.03436480 1.2387e+11
3.2400 0.03500511 1.2618e+11
3.2450 0.03570521 1.2870e+11
3.2500 0.03641141 1.3125e+11
3.2550 0.03711760 1.3380e+11
3.2600 0.03782379 1.3634e+11
3.2650 0.03852999 1.3889e+11
3.2700 0.03923618 1.4143e+11
3.2750 0.03994238 1.4398e+11
3.2800 0.04072214 1.4679e+11
3.2850 0.04163859 1.5009e+11
3.2900 0.04255504 1.5340e+11
3.2950 0.04347149 1.5670e+11
3.3000 0.04438793 1.6000e+11
3.3050 0.04530438 1.6331e+11
3.3100 0.04622083 1.6661e+11
3.3150 0.04713434 1.6990e+11
3.3200 0.04804339 1.7318e+11
3.3250 0.04895244 1.7646e+11
3.3300 0.04986150 1.7973e+11
3.3350 0.05077055 1.8301e+11
3.3400 0.05167960 1.8629e+11
3.3450 0.05258865 1.8956e+11
3.3500 0.05363033 1.9332e+11
3.3550 0.05467745 1.9709e+11
3.3600 0.05572457 2.0087e+11
3.3650 0.05677170 2.0464e+11
3.3700 0.05781882 2.0842e+11
3.3750 0.05886594 2.1219e+11
3.3800 0.06013878 2.1678e+11
3.3850 0.06141910 2.2139e+11
3.3900 0.06269943 2.2601e+11
3.3950 0.06397975 2.3062e+11
3.4000 0.06526007 2.3524e+11
3.4050 0.06653068 2.3982e+11
3.4100 0.06778418 2.4434e+11
3.4150 0.06903767 2.4886e+11
3.4200 0.07029117 2.5337e+11
3.4250 0.07154467 2.5789e+11
3.4300 0.07281261 2.6246e+11
3.4350 0.07421597 2.6752e+11
3.4400 0.07561933 2.7258e+11
3.4450 0.07702269 2.7764e+11
3.4500 0.07842605 2.8270e+11
3.4550 0.07982603 2.8774e+11
3.4600 0.08120376 2.9271e+11
3.4650 0.08258149 2.9768e+11
3.4700 0.08395922 3.0264e+11
3.4750 0.08533695 3.0761e+11
3.4800 0.08682871 3.1299e+11
3.4850 0.08846832 3.1890e+11
3.4900 0.09010793 3.2481e+11
3.4950 0.09174754 3.3072e+11
3.5000 0.09338715 3.3663e+11
3.5050 0.09515028 3.4298e+11
3.5100 0.09691591 3.4935e+11
3.5150 0.09868155 3.5571e+11
3.5200 0.10044718 3.6208e+11
3.5250 0.10221295 3.6844e+11
3.5300 0.10397876 3.7481e+11
3.5350 0.10574458 3.8117e+11
3.5400 0.10751039 3.8754e+11
3.5450 0.10929030 3.9395e+11
3.5500 0.11107621 4.0039e+11
3.5550 0.11286212 4.0683e+11
3.5600 0.11464802 4.1326e+11
3.5650 0.11665306 4.2049e+11
3.5700 0.11869966 4.2787e+11
3.5750 0.12074625 4.3525e+11
3.5800 0.12285034 4.4283e+11
3.5850 0.12529641 4.5165e+11
3.5900 0.12774249 4.6046e+11
3.5950 0.13018857 4.6928e+11
3.6000 0.13227095 4.7679e+11
3.6050 0.13410900 4.8341e+11
3.6100 0.13594706 4.9004e+11
3.6150 0.13793522 4.9721e+11
3.6200 0.14055717 5.0666e+11
3.6250 0.14317911 5.1611e+11
3.6300 0.14580106 5.2556e+11
3.6350 0.14824956 5.3439e+11
3.6400 0.15068163 5.4315e+11
3.6450 0.15311369 5.5192e+11
3.6500 0.15532872 5.5990e+11
3.6550 0.15747316 5.6763e+11
3.6600 0.15961759 5.7536e+11
3.6650 0.16192242 5.8367e+11
3.6700 0.16429387 5.9222e+11
3.6750 0.16666532 6.0077e+11
3.6800 0.17013722 6.1328e+11
3.6850 0.17395302 6.2704e+11
3.6900 0.17776881 6.4079e+11
3.6950 0.18008303 6.4913e+11
3.7000 0.18225564 6.5696e+11
3.7050 0.18458011 6.6534e+11
3.7100 0.18772511 6.7668e+11
3.7150 0.19087011 6.8802e+11
3.7200 0.19396697 6.9918e+11
3.7250 0.19701238 7.1016e+11
3.7300 0.20005779 7.2114e+11
3.7350 0.20339205 7.3315e+11
3.7400 0.20676188 7.4530e+11
3.7450 0.20989254 7.5659e+11
3.7500 0.21262042 7.6642e+11
3.7550 0.21534829 7.7625e+11
3.7600 0.21855921 7.8783e+11
3.7650 0.22180892 7.9954e+11
3.7700 0.22549443 8.1283e+11
3.7750 0.22954257 8.2742e+11
3.7800 0.23354900 8.4186e+11
3.7850 0.23741533 8.5580e+11
3.7900 0.24128167 8.6973e+11
3.7950 0.24396122 8.7939e+11
3.8000 0.24660814 8.8893e+11
3.8050 0.25024120 9.0203e+11
3.8100 0.25416194 9.1616e+11
3.8150 0.25819927 9.3071e+11
3.8200 0.26230525 9.4551e+11
3.8250 0.26634128 9.6006e+11
3.8300 0.27031681 9.7439e+11
3.8350 0.27463007 9.8994e+11
3.8400 0.27929139 1.0067e+12
3.8450 0.28284284 1.0195e+12
3.8500 0.28526484 1.0283e+12
3.8550 0.28765163 1.0369e+12
3.8600 0.29000885 1.0454e+12
3.8650 0.29453623 1.0617e+12
3.8700 0.30031320 1.0825e+12
3.8750 0.30437914 1.0972e+12
3.8800 0.30792412 1.1100e+12
3.8850 0.31458039 1.1339e+12
3.8900 0.32044684 1.1551e+12
3.8950 0.32053251 1.1554e+12
3.9000 0.32302726 1.1644e+12
3.9050 0.32925605 1.1868e+12
3.9100 0.33642923 1.2127e+12
3.9150 0.34406311 1.2402e+12
3.9200 0.34501783 1.2437e+12
3.9250 0.34737525 1.2522e+12
3.9300 0.35276664 1.2716e+12
3.9350 0.35895612 1.2939e+12
3.9400 0.36476977 1.3149e+12
3.9450 0.36507657 1.3160e+12
3.9500 0.36765839 1.3253e+12
3.9550 0.37211111 1.3413e+12
3.9600 0.37644063 1.3569e+12
3.9650 0.38076217 1.3725e+12
3.9700 0.38516792 1.3884e+12
3.9750 0.39533016 1.4250e+12
3.9800 0.40049809 1.4436e+12
3.9850 0.40241001 1.4505e+12
3.9900 0.40969258 1.4768e+12
3.9950 0.41338105 1.4901e+12
4.0000 0.41602197 1.4996e+12
4.0050 0.41959780 1.5125e+12
4.0100 0.43239269 1.5586e+12
4.0150 0.43911526 1.5829e+12
4.0200 0.44211831 1.5937e+12
4.0250 0.44665282 1.6100e+12
4.0300 0.44922381 1.6193e+12
4.0350 0.45501995 1.6402e+12
4.0400 0.46205474 1.6655e+12
4.0450 0.46814287 1.6875e+12
4.0500 0.47142700 1.6993e+12
4.0550 0.47662140 1.7180e+12
4.0600 0.48372718 1.7437e+12
4.0650 0.48864675 1.7614e+12
4.0700 0.49423203 1.7815e+12
4.0750 0.50467093 1.8192e+12
4.0800 0.50797985 1.8311e+12
4.0850 0.52478543 1.8917e+12
4.0900 0.51760811 1.8658e+12
4.0950 0.52129998 1.8791e+12
4.1000 0.52523414 1.8933e+12
4.1050 0.52923297 1.9077e+12
4.1100 0.54158625 1.9522e+12
4.1150 0.54879354 1.9782e+12
4.1200 0.54747193 1.9734e+12
4.1250 0.55730950 2.0089e+12
4.1300 0.56268739 2.0283e+12
4.1350 0.57066297 2.0570e+12
4.1400 0.57833384 2.0847e+12
4.1450 0.57935007 2.0883e+12
4.1500 0.58127878 2.0953e+12
4.1550 0.59098722 2.1303e+12
4.1600 0.60572577 2.1834e+12
4.1650 0.61472270 2.2159e+12
4.1700 0.61845857 2.2293e+12
4.1750 0.62427720 2.2503e+12
4.1800 0.61820608 2.2284e+12
4.1850 0.63337179 2.2831e+12
4.1900 0.63498859 2.2889e+12
4.1950 0.64001763 2.3070e+12
4.2000 0.63372491 2.2843e+12
4.2050 0.64850398 2.3376e+12
4.2100 0.66535876 2.3984e+12
4.2150 0.67108636 2.4190e+12
4.2200 0.66973982 2.4142e+12
4.2250 0.67491219 2.4328e+12
4.2300 0.68882933 2.4830e+12
4.2350 0.68607632 2.4731e+12
4.2400 0.69572370 2.5078e+12
4.2450 0.69764601 2.5148e+12
4.2500 0.70890103 2.5553e+12
4.2550 0.70132839 2.5280e+12
4.2600 0.71964847 2.5941e+12
4.2650 0.72918729 2.6285e+12
4.2700 0.72425011 2.6107e+12
4.2750 0.73895977 2.6637e+12
4.2800 0.74143124 2.6726e+12
4.2850 0.73941507 2.6653e+12
4.2900 0.73192584 2.6383e+12
4.2950 0.73751366 2.6585e+12
4.3000 0.75737798 2.7301e+12
4.3050 0.75831282 2.7334e+12
4.3100 0.76878064 2.7712e+12
4.3150 0.77062312 2.7778e+12
4.3200 0.76898815 2.7719e+12
4.3250 0.77605813 2.7974e+12
4.3300 0.78633934 2.8345e+12
4.3350 0.79478976 2.8649e+12
4.3400 0.79060938 2.8499e+12
4.3450 0.80254071 2.8929e+12
4.3500 0.80861843 2.9148e+12
4.3550 0.80001239 2.8838e+12
4.3600 0.81404421 2.9343e+12
4.3650 0.82166485 2.9618e+12
4.3700 0.83878317 3.0235e+12
4.3750 0.84377861 3.0415e+12
4.3800 0.85276181 3.0739e+12
4.3850 0.85873857 3.0954e+12
4.3900 0.84103672 3.0316e+12
4.3950 0.86357031 3.1129e+12
4.4000 0.87474489 3.1531e+12
4.4050 0.88558144 3.1922e+12
4.4100 0.89461207 3.2247e+12
4.4150 0.88168250 3.1781e+12
4.4200 0.93445693 3.3684e+12
4.4250 0.90699174 3.2694e+12
4.4300 0.89377004 3.2217e+12
4.4350 0.94227782 3.3966e+12
4.4400 0.92367606 3.3295e+12
4.4450 0.94688130 3.4132e+12
4.4500 0.94565956 3.4088e+12
4.4550 0.96155197 3.4660e+12
4.4600 0.96324248 3.4721e+12
4.4650 0.97747047 3.5234e+12
4.4700 0.97607750 3.5184e+12
4.4750 1.00339765 3.6169e+12
4.4800 1.00099130 3.6082e+12
4.4850 0.98887741 3.5645e+12
4.4900 0.99590634 3.5899e+12
4.4950 1.03284664 3.7230e+12
4.5000 1.02473215 3.6938e+12
4.5050 1.03616643 3.7350e+12
4.5100 1.04637039 3.7718e+12
4.5150 1.04635224 3.7717e+12
4.5200 1.08182886 3.8996e+12
4.5250 1.06209574 3.8285e+12
4.5300 1.08530286 3.9121e+12
4.5350 1.10294640 3.9757e+12
4.5400 1.10007351 3.9654e+12
4.5450 1.09073321 3.9317e+12
4.5500 1.11097709 4.0047e+12
4.5550 1.07390232 3.8710e+12
4.5600 1.11116780 4.0054e+12
4.5650 1.12482368 4.0546e+12
4.5700 1.15393369 4.1595e+12
4.5750 1.13620845 4.0956e+12
4.5800 1.17224725 4.2255e+12
4.5850 1.16825606 4.2111e+12
4.5900 1.16444073 4.1974e+12
4.5950 1.17263303 4.2269e+12
4.6000 1.21166138 4.3676e+12
4.6050 1.27791587 4.6064e+12
4.6100 1.31345978 4.7345e+12
4.6150 1.40005591 5.0467e+12
4.6200 1.46974265 5.2979e+12
4.6250 1.60542867 5.7870e+12
4.6300 1.66147872 5.9890e+12
4.6350 1.79881173 6.4841e+12
4.6400 1.93005923 6.9572e+12
4.6450 1.97322266 7.1127e+12
4.6500 2.09305852 7.5447e+12
4.6550 2.17572081 7.8427e+12
4.6600 2.19702240 7.9195e+12
4.6650 2.28181977 8.2251e+12
4.6700 2.29238163 8.2632e+12
4.6750 2.21375210 7.9798e+12
4.6800 2.12175160 7.6481e+12
4.6850 2.07495875 7.4795e+12
4.6900 1.96361246 7.0781e+12
4.6950 1.78190278 6.4231e+12
4.7000 1.69908584 6.1246e+12
4.7050 1.63684704 5.9002e+12
4.7100 1.52959036 5.5136e+12
4.7150 1.42478486 5.1358e+12
4.7200 1.40724735 5.0726e+12
4.7250 1.34318141 4.8417e+12
4.7300 1.24143755 4.4749e+12
4.7350 1.21774257 4.3895e+12
4.7400 1.15714822 4.1711e+12
4.7450 1.14956140 4.1437e+12
4.7500 1.08796122 3.9217e+12
4.7550 1.09478037 3.9463e+12
4.7600 1.01006006 3.6409e+12
4.7650 0.95475834 3.4416e+12
4.7700 0.94267958 3.3980e+12
4.7750 0.92802839 3.3452e+12
4.7800 0.91329903 3.2921e+12
4.7850 0.86276488 3.1100e+12
4.7900 0.80101208 2.8874e+12
4.7950 0.82652980 2.9793e+12
4.8000 0.79417149 2.8627e+12
4.8050 0.76206333 2.7470e+12
4.8100 0.72390834 2.6094e+12
4.8150 0.75110557 2.7075e+12
4.8200 0.67936399 2.4489e+12
4.8250 0.66578610 2.3999e+12
4.8300 0.63853058 2.3017e+12
4.8350 0.60828908 2.1927e+12
4.8400 0.64280984 2.3171e+12
4.8450 0.62552154 2.2548e+12
4.8500 0.63195636 2.2780e+12
4.8550 0.59948713 2.1609e+12
4.8600 0.55858305 2.0135e+12
4.8650 0.57806581 2.0837e+12
4.8700 0.56896777 2.0509e+12
4.8750 0.53354734 1.9232e+12
4.8800 0.59995939 2.1626e+12
4.8850 0.52739708 1.9011e+12
4.8900 0.57172587 2.0609e+12
4.8950 0.54394912 1.9607e+12
4.9000 0.52347897 1.8870e+12
4.9050 0.51368938 1.8517e+12
4.9100 0.53597442 1.9320e+12
4.9150 0.51222067 1.8464e+12
4.9200 0.51579074 1.8592e+12
4.9250 0.45521030 1.6409e+12
4.9300 0.46558073 1.6782e+12
4.9350 0.42073533 1.5166e+12
4.9400 0.38095778 1.3732e+12
4.9450 0.36241219 1.3064e+12
4.9500 0.31122883 1.1219e+12
4.9550 0.26124289 9.4169e+11
4.9600 0.20437235 7.3669e+11
4.9650 0.19376156 6.9844e+11
4.9700 0.12969772 4.6751e+11
4.9750 0.12148039 4.3789e+11
4.9800 0.07381985 2.6609e+11
4.9850 0.07526699 2.7131e+11
4.9900 0.05876900 2.1184e+11
4.9950 0.07822292 2.8197e+11
5.0000 0.06070124 2.1881e+11
5.0050 0.06113501 2.2037e+11
5.0100 0.04357427 1.5707e+11
5.0150 0.06183946 2.2291e+11
5.0200 0.04360954 1.5720e+11
5.0250 0.05811802 2.0949e+11
5.0300 0.04926111 1.7757e+11
5.0350 0.04237235 1.5274e+11
5.0400 0.04686700 1.6894e+11
5.0450 0.04224433 1.5228e+11
5.0500 0.05846770 2.1075e+11
5.0550 0.02243403 8.0866e+10
5.0600 0.03642940 1.3131e+11
5.0650 0.05086036 1.8333e+11
5.0700 0.02945846 1.0619e+11
5.0750 0.04699290 1.6939e+11
5.0800 0.05119072 1.8452e+11
5.0850 0.04914261 1.7714e+11
5.0900 0.04472455 1.6122e+11
5.0950 0.03764756 1.3571e+11
5.1000 0.02212747 7.9761e+10
5.1050 0.02700825 9.7355e+10
5.1100 0.04477757 1.6141e+11
5.1150 0.04230489 1.5249e+11
5.1200 0.04074194 1.4686e+11
5.1250 0.03453321 1.2448e+11
5.1300 0.00594928 2.1445e+10
5.1350 0.02582908 9.3104e+10
5.1400 0.01937571 6.9842e+10
5.1450 0.01242347 4.4782e+10
5.1500 0.00644055 2.3216e+10
5.1550 0.00853141 3.0753e+10
5.1600 0.01140502 4.1111e+10
5.1650 0.00593118 2.1380e+10
5.1700 0.01075162 3.8756e+10
5.1750 0.00621073 2.2387e+10
5.1800 0.00635551 2.2909e+10
5.1850 0.01220117 4.3981e+10
5.1900 0.00665487 2.3988e+10
5.1950 0.00836072 3.0137e+10
5.2000 0.00844543 3.0443e+10
5.2050 0.00713083 2.5704e+10
5.2100 0.00729691 2.6303e+10
5.2150 0.00746688 2.6915e+10
5.2200 0.00764080 2.7542e+10
5.2250 0.00781883 2.8184e+10
5.2300 0.02110081 7.6061e+10
5.2350 0.01637505 5.9026e+10
5.2400 0.00837805 3.0200e+10
5.2450 0.00857315 3.0903e+10
5.2500 0.00877286 3.1623e+10
5.2550 0.00897716 3.2359e+10
5.2600 0.00988283 3.5624e+10
5.2650 0.01085498 3.9128e+10
5.2700 0.00000000 0.0000e+00
5.2750 0.00000000 0.0000e+00
5.2800 0.00000000 0.0000e+00
5.2850 0.00000000 0.0000e+00
5.2900 0.00000000 0.0000e+00
5.2950 0.00000000 0.0000e+00
5.3000 0.00000000 0.0000e+00
5.3050 0.00000000 0.0000e+00
5.3100 0.00000000 0.0000e+00
5.3150 0.00000000 0.0000e+00
5.3200 0.00000000 0.0000e+00
5.3250 0.00000000 0.0000e+00
5.3300 0.00000000 0.0000e+00
5.3350 0.00000000 0.0000e+00
5.3400 0.00000000 0.0000e+00
5.3450 0.00000000 0.0000e+00
5.3500 0.00000000 0.0000e+00
5.3550 0.00000000 0.0000e+00
5.3600 0.00000000 0.0000e+00
5.3650 0.00000000 0.0000e+00
5.3700 0.00000000 0.0000e+00
5.3750 0.00000000 0.0000e+00
5.3800 0.00000000 0.0000e+00
5.3850 0.00000000 0.0000e+00
5.3900 0.00000000 0.0000e+00
5.3950 0.00000000 0.0000e+00
5.4000 0.00000000 0.0000e+00
5.4050 0.00000000 0.0000e+00
5.4100 0.00000000 0.0000e+00
5.4150 0.00000000 0.0000e+00
5.4200 0.00000000 0.0000e+00
5.4250 0.00000000 0.0000e+00
5.4300 0.00000000 0.0000e+00
5.4350 0.00000000 0.0000e+00
5.4400 0.00000000 0.0000e+00
5.4450 0.00000000 0.0000e+00
5.4500 0.00000000 0.0000e+00
5.4550 0.00000000 0.0000e+00
5.4600 0.00000000 0.0000e+00
5.4650 0.00000000 0.0000e+00
5.4700 0.00000000 0.0000e+00
5.4750 0.00000000 0.0000e+00
5.4800 0.00000000 0.0000e+00
5.4850 0.00000000 0.0000e+00
5.4900 0.00000000 0.0000e+00
5.4950 0.00000000 0.0000e+00
5.5000 0.00000000 0.0000e+00
5.5050 0.00000000 0.0000e+00
5.5100 0.00000000 0.0000e+00
5.5150 0.00000000 0.0000e+00
5.5200 0.00000000 0.0000e+00
5.5250 0.00000000 0.0000e+00
5.5300 0.00000000 0.0000e+00
5.5350 0.00000000 0.0000e+00
5.5400 0.00000000 0.0000e+00
5.5450 0.00000000 0.0000e+00
5.5500 0.00000000 0.0000e+00
5.5550 0.00000000 0.0000e+00
5.5600 0.00000000 0.0000e+00
5.5650 0.00000000 0.0000e+00
5.5700 0.00000000 0.0000e+00
5.5750 0.00000000 0.0000e+00
5.5800 0.00000000 0.0000e+00
5.5850 0.00000000 0.0000e+00
5.5900 0.00000000 0.0000e+00
5.5950 0.00000000 0.0000e+00
5.6000 0.00000000 0.0000e+00
5.6050 0.00000000 0.0000e+00
5.6100 0.00000000 0.0000e+00
5.6150 0.00000000 0.0000e+00
5.6200 0.00000000 0.0000e+00
5.6250 0.00000000 0.0000e+00
5.6300 0.00000000 0.0000e+00
5.6350 0.00000000 0.0000e+00
5.6400 0.00000000 0.0000e+00
5.6450 0.00000000 0.0000e+00
5.6500 0.00000000 0.0000e+00
5.6550 0.00000000 0.0000e+00
5.6600 0.00000000 0.0000e+00
5.6650 0.00000000 0.0000e+00
5.6700 0.00000000 0.0000e+00
5.6750 0.00000000 0.0000e+00
5.6800 0.00000000 0.0000e+00
5.6850 0.00000000 0.0000e+00
5.6900 0.00000000 0.0000e+00
5.6950 0.00000000 0.0000e+00
5.7000 0.00000000 0.0000e+00
5.7050 0.00000000 0.0000e+00
5.7100 0.00000000 0.0000e+00
5.7150 0.00000000 0.0000e+00
5.7200 0.00000000 0.0000e+00
5.7250 0.00000000 0.0000e+00
5.7300 0.00000000 0.0000e+00
5.7350 0.00000000 0.0000e+00
5.7400 0.00000000 0.0000e+00
5.7450 0.00000000 0.0000e+00
5.7500 0.00000000 0.0000e+00
5.7550 0.00000000 0.0000e+00
5.7600 0.00000000 0.0000e+00
5.7650 0.00000000 0.0000e+00
5.7700 0.00000000 0.0000e+00
5.7750 0.00000000 0.0000e+00
5.7800 0.00000000 0.0000e+00
5.7850 0.00000000 0.0000e+00
5.7900 0.00000000 0.0000e+00
5.7950 0.00000000 0.0000e+00
5.8000 0.00000000 0.0000e+00
5.8050 0.00000000 0.0000e+00
5.8100 0.00000000 0.0000e+00
5.8150 0.00000000 0.0000e+00
5.8200 0.00000000 0.0000e+00
5.8250 0.00000000 0.0000e+00
5.8300 0.00000000 0.0000e+00
5.8350 0.00000000 0.0000e+00
5.8400 0.00000000 0.0000e+00
5.8450 0.00000000 0.0000e+00
5.8500 0.00000000 0.0000e+00
5.8550 0.00000000 0.0000e+00
5.8600 0.00000000 0.0000e+00
5.8650 0.00000000 0.0000e+00
5.8700 0.00000000 0.0000e+00
5.8750 0.00000000 0.0000e+00
5.8800 0.00000000 0.0000e+00
5.8850 0.00000000 0.0000e+00
5.8900 0.00000000 0.0000e+00
5.8950 0.00000000 0.0000e+00
5.9000 0.00000000 0.0000e+00
5.9050 0.00000000 0.0000e+00
5.9100 0.00000000 0.0000e+00
5.9150 0.00000000 0.0000e+00
5.9200 0.00000000 0.0000e+00
5.9250 0.00000000 0.0000e+00
5.9300 0.00000000 0.0000e+00
5.9350 0.00000000 0.0000e+00
5.9400 0.00000000 0.0000e+00
5.9450 0.00000000 0.0000e+00
5.9500 0.00000000 0.0000e+00
5.9550 0.00000000 0.0000e+00
5.9600 0.00000000 0.0000e+00
5.9650 0.00000000 0.0000e+00
5.9700 0.00000000 0.0000e+00
5.9750 0.00000000 0.0000e+00
5.9800 0.00000000 0.0000e+00
5.9850 0.00000000 0.0000e+00
5.9900 0.00000000 0.0000e+00
5.9950 0.00000000 0.0000e+00
6.0000 0.00000000 0.0000e+00
6.0050 0.00000000 0.0000e+00
6.0100 0.00000000 0.0000e+00
6.0150 0.00000000 0.0000e+00
6.0200 0.00000000 0.0000e+00
6.0250 0.00000000 0.0000e+00
6.0300 0.00000000 0.0000e+00
6.0350 0.00000000 0.0000e+00
6.0400 0.00000000 0.0000e+00
6.0450 0.00000000 0.0000e+00
6.0500 0.00000000 0.0000e+00
6.0550 0.00000000 0.0000e+00
6.0600 0.00000000 0.0000e+00
6.0650 0.00000000 0.0000e+00
6.0700 0.00000000 0.0000e+00
6.0750 0.00000000 0.0000e+00
6.0800 0.00000000 0.0000e+00
6.0850 0.00000000 0.0000e+00
6.0900 0.00000000 0.0000e+00
6.0950 0.00000000 0.0000e+00
6.1000 0.00000000 0.0000e+00
6.1050 0.00000000 0.0000e+00
6.1100 0.00000000 0.0000e+00
6.1150 0.00000000 0.0000e+00
6.1200 0.00000000 0.0000e+00
6.1250 0.00000000 0.0000e+00
6.1300 0.00000000 0.0000e+00
6.1350 0.00000000 0.0000e+00
6.1400 0.00000000 0.0000e+00
6.1450 0.00000000 0.0000e+00
6.1500 0.00000000 0.0000e+00
6.1550 0.00000000 0.0000e+00
6.1600 0.00000000 0.0000e+00
6.1650 0.00000000 0.0000e+00
6.1700 0.00000000 0.0000e+00
6.1750 0.00000000 0.0000e+00
6.1800 0.00000000 0.0000e+00
6.1850 0.00000000 0.0000e+00
6.1900 0.00000000 0.0000e+00
6.1950 0.00000000 0.0000e+00
6.2000 0.00000000 0.0000e+00
6.2050 0.00000000 0.0000e+00
6.2100 0.00000000 0.0000e+00
6.2150 0.00000000 0.0000e+00
6.2200 0.00000000 0.0000e+00
6.2250 0.00000000 0.0000e+00
6.2300 0.00000000 0.0000e+00
6.2350 0.00000000 0.0000e+00
6.2400 0.00000000 0.0000e+00
6.2450 0.00000000 0.0000e+00
6.2500 0.00000000 0.0000e+00
6.2550 0.00000000 0.0000e+00
6.2600 0.00000000 0.0000e+00
6.2650 0.00000000 0.0000e+00
6.2700 0.00000000 0.0000e+00
6.2750 0.00000000 0.0000e+00
6.2800 0.00000000 0.0000e+00
6.2850 0.00000000 0.0000e+00
6.2900 0.00000000 0.0000e+00
6.2950 0.00000000 0.0000e+00
6.3000 0.00000000 0.0000e+00
6.3050 0.00000000 0.0000e+00
6.3100 0.00000000 0.0000e+00
6.3150 0.00000000 0.0000e+00
6.3200 0.00000000 0.0000e+00
6.3250 0.00000000 0.0000e+00
6.3300 0.00000000 0.0000e+00
6.3350 0.00000000 0.0000e+00
6.3400 0.00000000 0.0000e+00
6.3450 0.00000000 0.0000e+00
6.3500 0.00000000 0.0000e+00
6.3550 0.00000000 0.0000e+00
6.3600 0.00000000 0.0000e+00
6.3650 0.00000000 0.0000e+00
6.3700 0.00000000 0.0000e+00
6.3750 0.00000000 0.0000e+00
6.3800 0.00000000 0.0000e+00
6.3850 0.00000000 0.0000e+00
6.3900 0.00000000 0.0000e+00
6.3950 0.00000000 0.0000e+00
6.4000 0.00000000 0.0000e+00
6.4050 0.00000000 0.0000e+00
6.4100 0.00000000 0.0000e+00
6.4150 0.00000000 0.0000e+00
6.4200 0.00000000 0.0000e+00
6.4250 0.00000000 0.0000e+00
6.4300 0.00000000 0.0000e+00
6.4350 0.00000000 0.0000e+00
6.4400 0.00000000 0.0000e+00
6.4450 0.00000000 0.0000e+00
6.4500 0.00000000 0.0000e+00
6.4550 0.00000000 0.0000e+00
6.4600 0.00000000 0.0000e+00
6.4650 0.00000000 0.0000e+00
6.4700 0.00000000 0.0000e+00
6.4750 0.00000000 0.0000e+00
6.4800 0.00000000 0.0000e+00
6.4850 0.00000000 0.0000e+00
6.4900 0.00000000 0.0000e+00
6.4950 0.00000000 0.0000e+00
6.5000 0.00000000 0.0000e+00
6.5050 0.00000000 0.0000e+00
6.5100 0.00000000 0.0000e+00
6.5150 0.00000000 0.0000e+00
6.5200 0.00000000 0.0000e+00
6.5250 0.00000000 0.0000e+00
6.5300 0.00000000 0.0000e+00
6.5350 0.00000000 0.0000e+00
6.5400 0.00000000 0.0000e+00
6.5450 0.00000000 0.0000e+00
6.5500 0.00000000 0.0000e+00
6.5550 0.00000000 0.0000e+00
6.5600 0.00000000 0.0000e+00
6.5650 0.00000000 0.0000e+00
6.5700 0.00000000 0.0000e+00
6.5750 0.00000000 0.0000e+00
6.5800 0.00000000 0.0000e+00
6.5850 0.00000000 0.0000e+00
6.5900 0.00000000 0.0000e+00
6.5950 0.00000000 0.0000e+00
6.6000 0.00000000 0.0000e+00
6.6050 0.00000000 0.0000e+00
6.6100 0.00000000 0.0000e+00
6.6150 0.00000000 0.0000e+00
6.6200 0.00000000 0.0000e+00
6.6250 0.00000000 0.0000e+00
6.6300 0.00000000 0.0000e+00
6.6350 0.00000000 0.0000e+00
6.6400 0.00000000 0.0000e+00
6.6450 0.00000000 0.0000e+00
6.6500 0.00000000 0.0000e+00
6.6550 0.00000000 0.0000e+00
6.6600 0.00000000 0.0000e+00
6.6650 0.00000000 0.0000e+00
6.6700 0.00000000 0.0000e+00
6.6750 0.00000000 0.0000e+00
6.6800 0.00000000 0.0000e+00
6.6850 0.00000000 0.0000e+00
6.6900 0.00000000 0.0000e+00
6.6950 0.00000000 0.0000e+00
6.7000 0.00000000 0.0000e+00
6.7050 0.00000000 0.0000e+00
6.7100 0.00000000 0.0000e+00
6.7150 0.00000000 0.0000e+00
6.7200 0.00000000 0.0000e+00
6.7250 0.00000000 0.0000e+00
6.7300 0.00000000 0.0000e+00
6.7350 0.00000000 0.0000e+00
6.7400 0.00000000 0.0000e+00
6.7450 0.00000000 0.0000e+00
6.7500 0.00000000 0.0000e+00
6.7550 0.00000000 0.0000e+00
6.7600 0.00000000 0.0000e+00
6.7650 0.00000000 0.0000e+00
6.7700 0.00000000 0.0000e+00
6.7750 0.00000000 0.0000e+00
6.7800 0.00000000 0.0000e+00
6.7850 0.00000000 0.0000e+00
6.7900 0.00000000 0.0000e+00
6.7950 0.00000000 0.0000e+00
6.8000 0.00000000 0.0000e+00
6.8050 0.00000000 0.0000e+00
6.8100 0.00000000 0.0000e+00
6.8150 0.00000000 0.0000e+00
6.8200 0.00000000 0.0000e+00
6.8250 0.00000000 0.0000e+00
6.8300 0.00000000 0.0000e+00
6.8350 0.00000000 0.0000e+00
6.8400 0.00000000 0.0000e+00
6.8450 0.00000000 0.0000e+00
6.8500 0.00000000 0.0000e+00
6.8550 0.00000000 0.0000e+00
6.8600 0.00000000 0.0000e+00
6.8650 0.00000000 0.0000e+00
6.8700 0.00000000 0.0000e+00
6.8750 0.00000000 0.0000e+00
6.8800 0.00000000 0.0000e+00
6.8850 0.00000000 0.0000e+00
6.8900 0.00000000 0.0000e+00
6.8950 0.00000000 0.0000e+00
6.9000 0.00000000 0.0000e+00
6.9050 0.00000000 0.0000e+00
6.9100 0.00000000 0.0000e+00
6.9150 0.00000000 0.0000e+00
6.9200 0.00000000 0.0000e+00
6.9250 0.00000000 0.0000e+00
6.9300 0.00000000 0.0000e+00
6.9350 0.00000000 0.0000e+00
6.9400 0.00000000 0.0000e+00
6.9450 0.00000000 0.0000e+00
6.9500 0.00000000 0.0000e+00
6.9550 0.00000000 0.0000e+00
6.9600 0.00000000 0.0000e+00
6.9650 0.00000000 0.0000e+00
6.9700 0.00000000 0.0000e+00
6.9750 0.00000000 0.0000e+00
6.9800 0.00000000 0.0000e+00
6.9850 0.00000000 0.0000e+00
6.9900 0.00000000 0.0000e+00
6.9950 0.00000000 0.0000e+00
7.0000 0.00000000 0.0000e+00
7.0050 0.00000000 0.0000e+00
7.0100 0.00000000 0.0000e+00
7.0150 0.00000000 0.0000e+00
7.0200 0.00000000 0.0000e+00
7.0250 0.00000000 0.0000e+00
7.0300 0.00000000 0.0000e+00
7.0350 0.00000000 0.0000e+00
7.0400 0.00000000 0.0000e+00
7.0450 0.00000000 0.0000e+00
7.0500 0.00000000 0.0000e+00
7.0550 0.00000000 0.0000e+00
7.0600 0.00000000 0.0000e+00
7.0650 0.00000000 0.0000e+00
7.0700 0.00000000 0.0000e+00
7.0750 0.00000000 0.0000e+00
7.0800 0.00000000 0.0000e+00
7.0850 0.00000000 0.0000e+00
7.0900 0.00000000 0.0000e+00
7.0950 0.00000000 0.0000e+00
7.1000 0.00000000 0.0000e+00
7.1050 0.00000000 0.0000e+00
7.1100 0.00000000 0.0000e+00
7.1150 0.00000000 0.0000e+00
7.1200 0.00000000 0.0000e+00
7.1250 0.00000000 0.0000e+00
7.1300 0.00000000 0.0000e+00
7.1350 0.00000000 0.0000e+00
7.1400 0.00000000 0.0000e+00
7.1450 0.00000000 0.0000e+00
7.1500 0.00000000 0.0000e+00
7.1550 0.00000000 0.0000e+00
7.1600 0.00000000 0.0000e+00
7.1650 0.00000000 0.0000e+00
7.1700 0.00000000 0.0000e+00
7.1750 0.00000000 0.0000e+00
7.1800 0.00000000 0.0000e+00
7.1850 0.00000000 0.0000e+00
7.1900 0.00000000 0.0000e+00
7.1950 0.00000000 0.0000e+00
7.2000 0.00000000 0.0000e+00
7.2050 0.00000000 0.0000e+00
7.2100 0.00000000 0.0000e+00
7.2150 0.00000000 0.0000e+00
7.2200 0.00000000 0.0000e+00
7.2250 0.00000000 0.0000e+00
7.2300 0.00000000 0.0000e+00
7.2350 0.00000000 0.0000e+00
7.2400 0.00000000 0.0000e+00
7.2450 0.00000000 0.0000e+00
7.2500 0.00000000 0.0000e+00
7.2550 0.00000000 0.0000e+00
7.2600 0.00000000 0.0000e+00
7.2650 0.00000000 0.0000e+00
7.2700 0.00000000 0.0000e+00
7.2750 0.00000000 0.0000e+00
7.2800 0.00000000 0.0000e+00
7.2850 0.00000000 0.0000e+00
7.2900 0.00000000 0.0000e+00
7.2950 0.00000000 0.0000e+00
7.3000 0.00000000 0.0000e+00
7.3050 0.00000000 0.0000e+00
7.3100 0.00000000 0.0000e+00
7.3150 0.00000000 0.0000e+00
7.3200 0.00000000 0.0000e+00
7.3250 0.00000000 0.0000e+00
7.3300 0.00000000 0.0000e+00
7.3350 0.00000000 0.0000e+00
7.3400 0.00000000 0.0000e+00
7.3450 0.00000000 0.0000e+00
7.3500 0.00000000 0.0000e+00
7.3550 0.00000000 0.0000e+00
7.3600 0.00000000 0.0000e+00
7.3650 0.00000000 0.0000e+00
7.3700 0.00000000 0.0000e+00
7.3750 0.00000000 0.0000e+00
7.3800 0.00000000 0.0000e+00
7.3850 0.00000000 0.0000e+00
7.3900 0.00000000 0.0000e+00
7.3950 0.00000000 0.0000e+00
7.4000 0.00000000 0.0000e+00
7.4050 0.00000000 0.0000e+00
7.4100 0.00000000 0.0000e+00
7.4150 0.00000000 0.0000e+00
7.4200 0.00000000 0.0000e+00
7.4250 0.00000000 0.0000e+00
7.4300 0.00000000 0.0000e+00
7.4350 0.00000000 0.0000e+00
7.4400 0.00000000 0.0000e+00
7.4450 0.00000000 0.0000e+00
7.4500 0.00000000 0.0000e+00
7.4550 0.00000000 0.0000e+00
7.4600 0.00000000 0.0000e+00
7.4650 0.00000000 0.0000e+00
7.4700 0.00000000 0.0000e+00
7.4750 0.00000000 0.0000e+00
7.4800 0.00000000 0.0000e+00
7.4850 0.00000000 0.0000e+00
7.4900 0.00000000 0.0000e+00
7.4950 0.00000000 0.0000e+00
7.5000 0.00000000 0.0000e+00
7.5050 0.00000000 0.0000e+00
7.5100 0.00000000 0.0000e+00
7.5150 0.00000000 0.0000e+00
7.5200 0.00000000 0.0000e+00
7.5250 0.00000000 0.0000e+00
7.5300 0.00000000 0.0000e+00
7.5350 0.00000000 0.0000e+00
7.5400 0.00000000 0.0000e+00
7.5450 0.00000000 0.0000e+00
7.5500 0.00000000 0.0000e+00
7.5550 0.00000000 0.0000e+00
7.5600 0.00000000 0.0000e+00
7.5650 0.00000000 0.0000e+00
7.5700 0.00000000 0.0000e+00
7.5750 0.00000000 0.0000e+00
7.5800 0.00000000 0.0000e+00
7.5850 0.00000000 0.0000e+00
7.5900 0.00000000 0.0000e+00
7.5950 0.00000000 0.0000e+00
7.6000 0.00000000 0.0000e+00
7.6050 0.00000000 0.0000e+00
7.6100 0.00000000 0.0000e+00
7.6150 0.00000000 0.0000e+00
7.6200 0.00000000 0.0000e+00
7.6250 0.00000000 0.0000e+00
7.6300 0.00000000 0.0000e+00
7.6350 0.00000000 0.0000e+00
7.6400 0.00000000 0.0000e+00
7.6450 0.00000000 0.0000e+00
7.6500 0.00000000 0.0000e+00
7.6550 0.00000000 0.0000e+00
7.6600 0.00000000 0.0000e+00
7.6650 0.00000000 0.0000e+00
7.6700 0.00000000 0.0000e+00
7.6750 0.00000000 0.0000e+00
7.6800 0.00000000 0.0000e+00
7.6850 0.00000000 0.0000e+00
7.6900 0.00000000 0.0000e+00
7.6950 0.00000000 0.0000e+00
7.7000 0.00000000 0.0000e+00
7.7050 0.00000000 0.0000e+00
7.7100 0.00000000 0.0000e+00
7.7150 0.00000000 0.0000e+00
7.7200 0.00000000 0.0000e+00
7.7250 0.00000000 0.0000e+00
7.7300 0.00000000 0.0000e+00
7.7350 0.00000000 0.0000e+00
7.7400 0.00000000 0.0000e+00
7.7450 0.00000000 0.0000e+00
7.7500 0.00000000 0.0000e+00
7.7550 0.00000000 0.0000e+00
7.7600 0.00000000 0.0000e+00
7.7650 0.00000000 0.0000e+00
7.7700 0.00000000 0.0000e+00
7.7750 0.00000000 0.0000e+00
7.7800 0.00000000 0.0000e+00
7.7850 0.00000000 0.0000e+00
7.7900 0.00000000 0.0000e+00
7.7950 0.00000000 0.0000e+00
7.8000 0.00000000 0.0000e+00
7.8050 0.00000000 0.0000e+00
7.8100 0.00000000 0.0000e+00
7.8150 0.00000000 0.0000e+00
7.8200 0.00000000 0.0000e+00
7.8250 0.00000000 0.0000e+00
7.8300 0.00000000 0.0000e+00
7.8350 0.00000000 0.0000e+00
7.8400 0.00000000 0.0000e+00
7.8450 0.00000000 0.0000e+00
7.8500 0.00000000 0.0000e+00
7.8550 0.00000000 0.0000e+00
7.8600 0.00000000 0.0000e+00
7.8650 0.00000000 0.0000e+00
7.8700 0.00000000 0.0000e+00
7.8750 0.00000000 0.0000e+00
7.8800 0.00000000 0.0000e+00
7.8850 0.00000000 0.0000e+00
7.8900 0.00000000 0.0000e+00
7.8950 0.00000000 0.0000e+00
7.9000 0.00000000 0.0000e+00
7.9050 0.00000000 0.0000e+00
7.9100 0.00000000 0.0000e+00
7.9150 0.00000000 0.0000e+00
7.9200 0.00000000 0.0000e+00
7.9250 0.00000000 0.0000e+00
7.9300 0.00000000 0.0000e+00
7.9350 0.00000000 0.0000e+00
7.9400 0.00000000 0.0000e+00
7.9450 0.00000000 0.0000e+00
7.9500 0.00000000 0.0000e+00
7.9550 0.00000000 0.0000e+00
7.9600 0.00000000 0.0000e+00
7.9650 0.00000000 0.0000e+00
7.9700 0.00000000 0.0000e+00
7.9750 0.00000000 0.0000e+00
7.9800 0.00000000 0.0000e+00
7.9850 0.00000000 0.0000e+00
7.9900 0.00000000 0.0000e+00
7.9950 0.00000000 0.0000e+00
8.0000 0.00000000 0.0000e+00
