time	status
0.000000 4
0.010000 3
0.020000 3
0.030000 3
0.040000 3
0.050000 3
0.060000 3
0.070000 3
0.080000 3
0.090000 3
0.100000 3
0.110000 3
0.120000 3
0.130000 3
0.140000 3
0.150000 3
0.160000 3
0.170000 3
0.180000 3
0.190000 3
0.200000 3
0.210000 3
0.220000 3
0.230000 3
0.240000 3
0.250000 3
0.260000 3
0.270000 3
0.280000 3
0.290000 3
0.300000 3
0.310000 3
0.320000 3
0.330000 3
0.340000 3
0.350000 3
0.360000 3
0.370000 3
0.380000 3
0.390000 3
0.400000 3
0.410000 3
0.420000 3
0.430000 3
0.440000 3
0.450000 3
0.460000 3
0.470000 3
0.480000 3
0.490000 3
0.500000 3
0.510000 3
0.520000 3
0.530000 3
0.540000 3
0.550000 3
0.560000 3
0.570000 3
0.580000 3
0.590000 3
0.600000 3
0.610000 3
0.620000 3
0.630000 3
0.640000 3
0.650000 3
0.660000 3
0.670000 3
0.680000 3
0.690000 3
0.700000 3
0.710000 3
0.720000 3
0.730000 3
0.740000 3
0.750000 3
0.760000 3
0.770000 3
0.780000 3
0.790000 3
0.800000 3
0.810000 3
0.820000 3
0.830000 3
0.840000 3
0.850000 3
0.860000 3
0.870000 3
0.880000 3
0.890000 3
0.900000 3
0.910000 3
0.920000 3
0.930000 3
0.940000 3
0.950000 3
0.960000 3
0.970000 3
0.980000 3
0.990000 3
1.000000 3
1.010000 3
1.020000 3
1.030000 3
1.040000 3
1.050000 3
1.060000 3
1.070000 3
1.080000 3
1.090000 3
1.100000 3
1.110000 3
1.120000 3
1.130000 3
1.140000 3
1.150000 3
1.160000 3
1.170000 3
1.180000 3
1.190000 3
1.200000 3
1.210000 3
1.220000 3
1.230000 3
1.240000 3
1.250000 3
1.260000 3
1.270000 3
1.280000 3
1.290000 3
1.300000 3
1.310000 3
1.320000 3
1.330000 3
1.340000 3
1.350000 3
1.360000 3
1.370000 3
1.380000 3
1.390000 3
1.400000 3
1.410000 3
1.420000 3
1.430000 3
1.440000 3
1.450000 3
1.460000 3
1.470000 3
1.480000 3
1.490000 3
1.500000 3
1.510000 3
1.520000 3
1.530000 3
1.540000 3
1.550000 3
1.560000 3
1.570000 3
1.580000 3
1.590000 3
1.600000 3
1.610000 3
1.620000 3
1.630000 3
1.640000 3
1.650000 3
1.660000 3
1.670000 3
1.680000 3
1.690000 3
1.700000 3
1.710000 3
1.720000 3
1.730000 3
1.740000 3
1.750000 3
1.760000 3
1.770000 3
1.780000 3
1.790000 3
1.800000 3
1.810000 3
1.820000 3
1.830000 3
1.840000 3
1.850000 3
1.860000 3
1.870000 3
1.880000 3
1.890000 3
1.900000 3
1.910000 3
1.920000 3
1.930000 3
1.940000 3
1.950000 3
1.960000 3
1.970000 3
1.980000 3
1.990000 3
2.000000 3
2.010000 3
2.020000 3
2.030000 3
2.040000 3
2.050000 3
2.060000 3
2.070000 3
2.080000 3
2.090000 3
2.100000 3
2.110000 3
2.120000 3
2.130000 3
2.140000 3
2.150000 3
2.160000 3
2.170000 3
2.180000 3
2.190000 3
2.200000 3
2.210000 3
2.220000 3
2.230000 3
2.240000 3
2.250000 3
2.260000 3
2.270000 3
2.280000 3
2.290000 3
2.300000 3
2.310000 3
2.320000 3
2.330000 3
2.340000 3
2.350000 3
2.360000 3
2.370000 3
2.380000 3
2.390000 3
2.400000 3
2.410000 3
2.420000 3
2.430000 3
2.440000 3
2.450000 3
2.460000 3
2.470000 3
2.480000 3
2.490000 3
2.500000 4
2.510000 3
2.520000 3
2.530000 3
2.540000 3
2.550000 3
2.560000 3
2.570000 3
2.580000 3
2.590000 3
2.600000 3
2.610000 3
2.620000 3
2.630000 3
2.640000 3
2.650000 3
2.660000 3
2.670000 3
2.680000 3
2.690000 3
2.700000 3
2.710000 3
2.720000 3
2.730000 3
2.740000 3
2.750000 3
2.760000 3
2.770000 3
2.780000 3
2.790000 3
2.800000 3
2.810000 3
2.820000 3
2.830000 3
2.840000 3
2.850000 3
2.860000 3
2.870000 3
2.880000 3
2.890000 3
2.900000 3
2.910000 3
2.920000 3
2.930000 3
2.940000 3
2.950000 3
2.960000 3
2.970000 3
2.980000 3
2.990000 3
3.000000 3
3.010000 3
3.020000 3
3.030000 3
3.040000 3
3.050000 3
3.060000 3
3.070000 3
3.080000 3
3.090000 3
3.100000 3
3.110000 3
3.120000 3
3.130000 3
3.140000 3
3.150000 3
3.160000 3
3.170000 3
3.180000 3
3.190000 3
3.200000 3
3.210000 3
3.220000 3
3.230000 3
3.240000 3
3.250000 3
3.260000 3
3.270000 3
3.280000 3
3.290000 3
3.300000 3
3.310000 3
3.320000 3
3.330000 3
3.340000 3
3.350000 3
3.360000 3
3.370000 3
3.380000 3
3.390000 3
3.400000 3
3.410000 3
3.420000 3
3.430000 3
3.440000 3
3.450000 3
3.460000 3
3.470000 3
3.480000 3
3.490000 3
3.500000 3
3.510000 3
3.520000 3
3.530000 3
3.540000 3
3.550000 3
3.560000 3
3.570000 3
3.580000 3
3.590000 3
3.600000 3
3.610000 3
3.620000 3
3.630000 3
3.640000 3
3.650000 3
3.660000 3
3.670000 3
3.680000 3
3.690000 3
3.700000 3
3.710000 3
3.720000 3
3.730000 3
3.740000 3
3.750000 3
3.760000 3
3.770000 3
3.780000 3
3.790000 3
3.800000 3
3.810000 3
3.820000 3
3.830000 3
3.840000 3
3.850000 3
3.860000 3
3.870000 3
3.880000 3
3.890000 3
3.900000 3
3.910000 3
3.920000 3
3.930000 3
3.940000 3
3.950000 3
3.960000 3
3.970000 3
3.980000 3
3.990000 3
4.000000 3
4.010000 3
4.020000 3
4.030000 3
4.040000 3
4.050000 3
4.060000 3
4.070000 3
4.080000 3
4.090000 3
4.100000 3
4.110000 3
4.120000 3
4.130000 3
4.140000 3
4.150000 3
4.160000 3
4.170000 3
4.180000 3
4.190000 3
4.200000 3
4.210000 3
4.220000 3
4.230000 3
4.240000 3
4.250000 3
4.260000 3
4.270000 3
4.280000 3
4.290000 3
4.300000 3
4.310000 3
4.320000 3
4.330000 3
4.340000 3
4.350000 3
4.360000 3
4.370000 3
4.380000 3
4.390000 3
4.400000 3
4.410000 3
4.420000 3
4.430000 3
4.440000 3
4.450000 3
4.460000 3
4.470000 3
4.480000 3
4.490000 3
4.500000 3
4.510000 3
4.520000 3
4.530000 3
4.540000 3
4.550000 3
4.560000 3
4.570000 3
4.580000 3
4.590000 3
4.600000 3
4.610000 3
4.620000 3
4.630000 3
4.640000 3
4.650000 3
4.660000 3
4.670000 3
4.680000 3
4.690000 3
4.700000 3
4.710000 3
4.720000 3
4.730000 3
4.740000 3
4.750000 3
4.760000 3
4.770000 3
4.780000 3
4.790000 3
4.800000 3
4.810000 3
4.820000 3
4.830000 3
4.840000 3
4.850000 3
4.860000 3
4.870000 3
4.880000 3
4.890000 3
4.900000 3
4.910000 3
4.920000 3
4.930000 3
4.940000 3
4.950000 3
4.960000 3
4.970000 3
4.980000 3
4.990000 3
5.000000 4
5.010000 3
5.020000 3
5.030000 3
5.040000 3
5.050000 3
5.060000 3
5.070000 3
5.080000 3
5.090000 3
5.100000 3
5.110000 3
5.120000 3
5.130000 3
5.140000 3
5.150000 3
5.160000 3
5.170000 3
5.180000 3
5.190000 3
5.200000 3
5.210000 3
5.220000 3
5.230000 3
5.240000 3
5.250000 3
5.260000 3
5.270000 3
5.280000 3
5.290000 3
5.300000 3
5.310000 3
5.320000 3
5.330000 3
5.340000 3
5.350000 3
5.360000 3
5.370000 3
5.380000 3
5.390000 3
5.400000 3
5.410000 3
5.420000 3
5.430000 3
5.440000 3
5.450000 3
5.460000 3
5.470000 3
5.480000 3
5.490000 3
5.500000 3
5.510000 3
5.520000 3
5.530000 3
5.540000 3
5.550000 3
5.560000 3
5.570000 3
5.580000 3
5.590000 3
5.600000 3
5.610000 3
5.620000 3
5.630000 3
5.640000 3
5.650000 3
5.660000 3
5.670000 3
5.680000 3
5.690000 3
5.700000 3
5.710000 3
5.720000 3
5.730000 3
5.740000 3
5.750000 3
5.760000 3
5.770000 3
5.780000 3
5.790000 3
5.800000 3
5.810000 3
5.820000 3
5.830000 3
5.840000 3
5.850000 3
5.860000 3
5.870000 3
5.880000 3
5.890000 3
5.900000 3
5.910000 3
5.920000 3
5.930000 3
5.940000 3
5.950000 3
5.960000 3
5.970000 3
5.980000 3
5.990000 3
6.000000 3
6.010000 3
6.020000 3
6.030000 3
6.040000 3
6.050000 3
6.060000 3
6.070000 3
6.080000 3
6.090000 3
6.100000 3
6.110000 3
6.120000 3
6.130000 3
6.140000 3
6.150000 3
6.160000 3
6.170000 3
6.180000 3
6.190000 3
6.200000 3
6.210000 3
6.220000 3
6.230000 3
6.240000 3
6.250000 3
6.260000 3
6.270000 3
6.280000 3
6.290000 3
6.300000 3
6.310000 3
6.320000 3
6.330000 3
6.340000 3
6.350000 3
6.360000 3
6.370000 3
6.380000 3
6.390000 3
6.400000 3
6.410000 3
6.420000 3
6.430000 3
6.440000 3
6.450000 3
6.460000 3
6.470000 3
6.480000 3
6.490000 3
6.500000 3
6.510000 3
6.520000 3
6.530000 3
6.540000 3
6.550000 3
6.560000 3
6.570000 3
6.580000 3
6.590000 3
6.600000 3
6.610000 3
6.620000 3
6.630000 3
6.640000 3
6.650000 3
6.660000 3
6.670000 3
6.680000 3
6.690000 3
6.700000 3
6.710000 3
6.720000 3
6.730000 3
6.740000 3
6.750000 3
6.760000 3
6.770000 3
6.780000 3
6.790000 3
6.800000 3
6.810000 3
6.820000 3
6.830000 3
6.840000 3
6.850000 3
6.860000 3
6.870000 3
6.880000 3
6.890000 3
6.900000 3
6.910000 3
6.920000 3
6.930000 3
6.940000 3
6.950000 3
6.960000 3
6.970000 3
6.980000 3
6.990000 3
7.000000 3
7.010000 3
7.020000 3
7.030000 3
7.040000 3
7.050000 3
7.060000 3
7.070000 3
7.080000 3
7.090000 3
7.100000 3
7.110000 3
7.120000 3
7.130000 3
7.140000 3
7.150000 3
7.160000 3
7.170000 3
7.180000 3
7.190000 3
7.200000 3
7.210000 3
7.220000 3
7.230000 3
7.240000 3
7.250000 3
7.260000 3
7.270000 3
7.280000 3
7.290000 3
7.300000 3
7.310000 3
7.320000 3
7.330000 3
7.340000 3
7.350000 3
7.360000 3
7.370000 3
7.380000 3
7.390000 3
7.400000 3
7.410000 3
7.420000 3
7.430000 3
7.440000 3
7.450000 3
7.460000 3
7.470000 3
7.480000 3
7.490000 3
7.500000 4
7.510000 3
7.520000 3
7.530000 3
7.540000 3
7.550000 3
7.560000 3
7.570000 3
7.580000 3
7.590000 3
7.600000 3
7.610000 3
7.620000 3
7.630000 3
7.640000 3
7.650000 3
7.660000 3
7.670000 3
7.680000 3
7.690000 3
7.700000 3
7.710000 3
7.720000 3
7.730000 3
7.740000 3
7.750000 3
7.760000 3
7.770000 3
7.780000 3
7.790000 3
7.800000 3
7.810000 3
7.820000 3
7.830000 3
7.840000 3
7.850000 3
7.860000 3
7.870000 3
7.880000 3
7.890000 3
7.900000 3
7.910000 3
7.920000 3
7.930000 3
7.940000 3
7.950000 3
7.960000 3
7.970000 3
7.980000 3
7.990000 3
8.000000 3
8.010000 3
8.020000 3
8.030000 3
8.040000 3
8.050000 3
8.060000 3
8.070000 3
8.080000 3
8.090000 3
8.100000 3
8.110000 3
8.120000 3
8.130000 3
8.140000 3
8.150000 3
8.160000 3
8.170000 3
8.180000 3
8.190000 3
8.200000 3
8.210000 3
8.220000 3
8.230000 3
8.240000 3
8.250000 3
8.260000 3
8.270000 3
8.280000 3
8.290000 3
8.300000 3
8.310000 3
8.320000 3
8.330000 3
8.340000 3
8.350000 3
8.360000 3
8.370000 3
8.380000 3
8.390000 3
8.400000 3
8.410000 3
8.420000 3
8.430000 3
8.440000 3
8.450000 3
8.460000 3
8.470000 3
8.480000 3
8.490000 3
8.500000 3
8.510000 3
8.520000 3
8.530000 3
8.540000 3
8.550000 3
8.560000 3
8.570000 3
8.580000 3
8.590000 3
8.600000 3
8.610000 3
8.620000 3
8.630000 3
8.640000 3
8.650000 3
8.660000 3
8.670000 3
8.680000 3
8.690000 3
8.700000 3
8.710000 3
8.720000 3
8.730000 3
8.740000 3
8.750000 3
8.760000 3
8.770000 3
8.780000 3
8.790000 3
8.800000 3
8.810000 3
8.820000 3
8.830000 3
8.840000 3
8.850000 3
8.860000 3
8.870000 3
8.880000 3
8.890000 3
8.900000 3
8.910000 3
8.920000 3
8.930000 3
8.940000 3
8.950000 3
8.960000 3
8.970000 3
8.980000 3
8.990000 3
9.000000 3
9.010000 3
9.020000 3
9.030000 3
9.040000 3
9.050000 3
9.060000 3
9.070000 3
9.080000 3
9.090000 3
9.100000 3
9.110000 3
9.120000 3
9.130000 3
9.140000 3
9.150000 3
9.160000 3
9.170000 3
9.180000 3
9.190000 3
9.200000 3
9.210000 3
9.220000 3
9.230000 3
9.240000 3
9.250000 3
9.260000 3
9.270000 3
9.280000 3
9.290000 3
9.300000 3
9.310000 3
9.320000 3
9.330000 3
9.340000 3
9.350000 3
9.360000 3
9.370000 3
9.380000 3
9.390000 3
9.400000 3
9.410000 3
9.420000 3
9.430000 3
9.440000 3
9.450000 3
9.460000 3
9.470000 3
9.480000 3
9.490000 3
9.500000 3
9.510000 3
9.520000 3
9.530000 3
9.540000 3
9.550000 3
9.560000 3
9.570000 3
9.580000 3
9.590000 3
9.600000 3
9.610000 3
9.620000 3
9.630000 3
9.640000 3
9.650000 3
9.660000 3
9.670000 3
9.680000 3
9.690000 3
9.700000 3
9.710000 3
9.720000 3
9.730000 3
9.740000 3
9.750000 3
9.760000 3
9.770000 3
9.780000 3
9.790000 3
9.800000 3
9.810000 3
9.820000 3
9.830000 3
9.840000 3
9.850000 3
9.860000 3
9.870000 3
9.880000 3
9.890000 3
9.900000 3
9.910000 3
9.920000 3
9.930000 3
9.940000 3
9.950000 3
9.960000 3
9.970000 3
9.980000 3
9.990000 3
10.000000 4
10.010000 3
10.020000 3
10.030000 3
10.040000 3
10.050000 3
10.060000 3
10.070000 3
10.080000 3
10.090000 3
10.100000 3
10.110000 3
10.120000 3
10.130000 3
10.140000 3
10.150000 3
10.160000 3
10.170000 3
10.180000 3
10.190000 3
10.200000 3
10.210000 3
10.220000 3
10.230000 3
10.240000 3
10.250000 3
10.260000 3
10.270000 3
10.280000 3
10.290000 3
10.300000 3
10.310000 3
10.320000 3
10.330000 3
10.340000 3
10.350000 3
10.360000 3
10.370000 3
10.380000 3
10.390000 3
10.400000 3
10.410000 3
10.420000 3
10.430000 3
10.440000 3
10.450000 3
10.460000 3
10.470000 3
10.480000 3
10.490000 3
10.500000 3
10.510000 3
10.520000 3
10.530000 3
10.540000 3
10.550000 3
10.560000 3
10.570000 3
10.580000 3
10.590000 3
10.600000 3
10.610000 3
10.620000 3
10.630000 3
10.640000 3
10.650000 3
10.660000 3
10.670000 3
10.680000 3
10.690000 3
10.700000 3
10.710000 3
10.720000 3
10.730000 3
10.740000 3
10.750000 3
10.760000 3
10.770000 3
10.780000 3
10.790000 3
10.800000 3
10.810000 3
10.820000 3
10.830000 3
10.840000 3
10.850000 3
10.860000 3
10.870000 3
10.880000 3
10.890000 3
10.900000 3
10.910000 3
10.920000 3
10.930000 3
10.940000 3
10.950000 3
10.960000 3
10.970000 3
10.980000 3
10.990000 3
11.000000 3
11.010000 3
11.020000 3
11.030000 3
11.040000 3
11.050000 3
11.060000 3
11.070000 3
11.080000 3
11.090000 3
11.100000 3
11.110000 3
11.120000 3
11.130000 3
11.140000 3
11.150000 3
11.160000 3
11.170000 3
11.180000 3
11.190000 3
11.200000 3
11.210000 3
11.220000 3
11.230000 3
11.240000 3
11.250000 3
11.260000 3
11.270000 3
11.280000 3
11.290000 3
11.300000 3
11.310000 3
11.320000 3
11.330000 3
11.340000 3
11.350000 3
11.360000 3
11.370000 3
11.380000 3
11.390000 3
11.400000 3
11.410000 3
11.420000 3
11.430000 3
11.440000 3
11.450000 3
11.460000 3
11.470000 3
11.480000 3
11.490000 3
11.500000 3
11.510000 3
11.520000 3
11.530000 3
11.540000 3
11.550000 3
11.560000 3
11.570000 3
11.580000 3
11.590000 3
11.600000 3
11.610000 3
11.620000 3
11.630000 3
11.640000 3
11.650000 3
11.660000 3
11.670000 3
11.680000 3
11.690000 3
11.700000 3
11.710000 3
11.720000 3
11.730000 3
11.740000 3
11.750000 3
11.760000 3
11.770000 3
11.780000 3
11.790000 3
11.800000 3
11.810000 3
11.820000 3
11.830000 3
11.840000 3
11.850000 3
11.860000 3
11.870000 3
11.880000 3
11.890000 3
11.900000 3
11.910000 3
11.920000 3
11.930000 3
11.940000 3
11.950000 3
11.960000 3
11.970000 3
11.980000 3
11.990000 3
12.000000 3
12.010000 3
12.020000 3
12.030000 3
12.040000 3
12.050000 3
12.060000 3
12.070000 3
12.080000 3
12.090000 3
12.100000 3
12.110000 3
12.120000 3
12.130000 3
12.140000 3
12.150000 3
12.160000 3
12.170000 3
12.180000 3
12.190000 3
12.200000 3
12.210000 3
12.220000 3
12.230000 3
12.240000 3
12.250000 3
12.260000 3
12.270000 3
12.280000 3
12.290000 3
12.300000 3
12.310000 3
12.320000 3
12.330000 3
12.340000 3
12.350000 3
12.360000 3
12.370000 3
12.380000 3
12.390000 3
12.400000 3
12.410000 3
12.420000 3
12.430000 3
12.440000 3
12.450000 3
12.460000 3
12.470000 3
12.480000 3
12.490000 3
12.500000 4
12.510000 3
12.520000 3
12.530000 3
12.540000 3
12.550000 3
12.560000 3
12.570000 3
12.580000 3
12.590000 3
12.600000 3
12.610000 3
12.620000 3
12.630000 3
12.640000 3
12.650000 3
12.660000 3
12.670000 3
12.680000 3
12.690000 3
12.700000 3
12.710000 3
12.720000 3
12.730000 3
12.740000 3
12.750000 3
12.760000 3
12.770000 3
12.780000 3
12.790000 3
12.800000 3
12.810000 3
12.820000 3
12.830000 3
12.840000 3
12.850000 3
12.860000 3
12.870000 3
12.880000 3
12.890000 3
12.900000 3
12.910000 3
12.920000 3
12.930000 3
12.940000 3
12.950000 3
12.960000 3
12.970000 3
12.980000 3
12.990000 3
13.000000 3
13.010000 3
13.020000 3
13.030000 3
13.040000 3
13.050000 3
13.060000 3
13.070000 3
13.080000 3
13.090000 3
13.100000 3
13.110000 3
13.120000 3
13.130000 3
13.140000 3
13.150000 3
13.160000 3
13.170000 3
13.180000 3
13.190000 3
13.200000 3
13.210000 3
13.220000 3
13.230000 3
13.240000 3
13.250000 3
13.260000 3
13.270000 3
13.280000 3
13.290000 3
13.300000 3
13.310000 3
13.320000 3
13.330000 3
13.340000 3
13.350000 3
13.360000 3
13.370000 3
13.380000 3
13.390000 3
13.400000 3
13.410000 3
13.420000 3
13.430000 3
13.440000 3
13.450000 3
13.460000 3
13.470000 3
13.480000 3
13.490000 3
13.500000 3
13.510000 3
13.520000 3
13.530000 3
13.540000 3
13.550000 3
13.560000 3
13.570000 3
13.580000 3
13.590000 3
13.600000 3
13.610000 3
13.620000 3
13.630000 3
13.640000 3
13.650000 3
13.660000 3
13.670000 3
13.680000 3
13.690000 3
13.700000 3
13.710000 3
13.720000 3
13.730000 3
13.740000 3
13.750000 3
13.760000 3
13.770000 3
13.780000 3
13.790000 3
13.800000 3
13.810000 3
13.820000 3
13.830000 3
13.840000 3
13.850000 3
13.860000 3
13.870000 3
13.880000 3
13.890000 3
13.900000 3
13.910000 3
13.920000 3
13.930000 3
13.940000 3
13.950000 3
13.960000 3
13.970000 3
13.980000 3
13.990000 3
14.000000 3
14.010000 3
14.020000 3
14.030000 3
14.040000 3
14.050000 3
14.060000 3
14.070000 3
14.080000 3
14.090000 3
14.100000 3
14.110000 3
14.120000 3
14.130000 3
14.140000 3
14.150000 3
14.160000 3
14.170000 3
14.180000 3
14.190000 3
14.200000 3
14.210000 3
14.220000 3
14.230000 3
14.240000 3
14.250000 3
14.260000 3
14.270000 3
14.280000 3
14.290000 3
14.300000 3
14.310000 3
14.320000 3
14.330000 3
14.340000 3
14.350000 3
14.360000 3
14.370000 3
14.380000 3
14.390000 3
14.400000 3
14.410000 3
14.420000 3
14.430000 3
14.440000 3
14.450000 3
14.460000 3
14.470000 3
14.480000 3
14.490000 3
14.500000 3
14.510000 3
14.520000 3
14.530000 3
14.540000 3
14.550000 3
14.560000 3
14.570000 3
14.580000 3
14.590000 3
14.600000 3
14.610000 3
14.620000 3
14.630000 3
14.640000 3
14.650000 3
14.660000 3
14.670000 3
14.680000 3
14.690000 3
14.700000 3
14.710000 3
14.720000 3
14.730000 3
14.740000 3
14.750000 3
14.760000 3
14.770000 3
14.780000 3
14.790000 3
14.800000 3
14.810000 3
14.820000 3
14.830000 3
14.840000 3
14.850000 3
14.860000 3
14.870000 3
14.880000 3
14.890000 3
14.900000 3
14.910000 3
14.920000 3
14.930000 3
14.940000 3
14.950000 3
14.960000 3
14.970000 3
14.980000 3
14.990000 3
15.000000 4
15.010000 3
15.020000 3
15.030000 3
15.040000 3
15.050000 3
15.060000 3
15.070000 3
15.080000 3
15.090000 3
15.100000 3
15.110000 3
15.120000 3
15.130000 3
15.140000 3
15.150000 3
15.160000 3
15.170000 3
15.180000 3
15.190000 3
15.200000 3
15.210000 3
15.220000 3
15.230000 3
15.240000 3
15.250000 3
15.260000 3
15.270000 3
15.280000 3
15.290000 3
15.300000 3
15.310000 3
15.320000 3
15.330000 3
15.340000 3
15.350000 3
15.360000 3
15.370000 3
15.380000 3
15.390000 3
15.400000 3
15.410000 3
15.420000 3
15.430000 3
15.440000 3
15.450000 3
15.460000 3
15.470000 3
15.480000 3
15.490000 3
15.500000 3
15.510000 3
15.520000 3
15.530000 3
15.540000 3
15.550000 3
15.560000 3
15.570000 3
15.580000 3
15.590000 3
15.600000 3
15.610000 3
15.620000 3
15.630000 3
15.640000 3
15.650000 3
15.660000 3
15.670000 3
15.680000 3
15.690000 3
15.700000 3
15.710000 3
15.720000 3
15.730000 3
15.740000 3
15.750000 3
15.760000 3
15.770000 3
15.780000 3
15.790000 3
15.800000 3
15.810000 3
15.820000 3
15.830000 3
15.840000 3
15.850000 3
15.860000 3
15.870000 3
15.880000 3
15.890000 3
15.900000 3
15.910000 3
15.920000 3
15.930000 3
15.940000 3
15.950000 3
15.960000 3
15.970000 3
15.980000 3
15.990000 3
16.000000 3
16.010000 3
16.020000 3
16.030000 3
16.040000 3
16.050000 3
16.060000 3
16.070000 3
16.080000 3
16.090000 3
16.100000 3
16.110000 3
16.120000 3
16.130000 3
16.140000 3
16.150000 3
16.160000 3
16.170000 3
16.180000 3
16.190000 3
16.200000 3
16.210000 3
16.220000 3
16.230000 3
16.240000 3
16.250000 3
16.260000 3
16.270000 3
16.280000 3
16.290000 3
16.300000 3
16.310000 3
16.320000 3
16.330000 3
16.340000 3
16.350000 3
16.360000 3
16.370000 3
16.380000 3
16.390000 3
16.400000 3
16.410000 3
16.420000 3
16.430000 3
16.440000 3
16.450000 3
16.460000 3
16.470000 3
16.480000 3
16.490000 3
16.500000 3
16.510000 3
16.520000 3
16.530000 3
16.540000 3
16.550000 3
16.560000 3
16.570000 3
16.580000 3
16.590000 3
16.600000 3
16.610000 3
16.620000 3
16.630000 3
16.640000 3
16.650000 3
16.660000 3
16.670000 3
16.680000 3
16.690000 3
16.700000 3
16.710000 3
16.720000 3
16.730000 3
16.740000 3
16.750000 3
16.760000 3
16.770000 3
16.780000 3
16.790000 3
16.800000 3
16.810000 3
16.820000 3
16.830000 3
16.840000 3
16.850000 3
16.860000 3
16.870000 3
16.880000 3
16.890000 3
16.900000 3
16.910000 3
16.920000 3
16.930000 3
16.940000 3
16.950000 3
16.960000 3
16.970000 3
16.980000 3
16.990000 3
17.000000 3
17.010000 3
17.020000 3
17.030000 3
17.040000 3
17.050000 3
17.060000 3
17.070000 3
17.080000 3
17.090000 3
17.100000 3
17.110000 3
17.120000 3
17.130000 3
17.140000 3
17.150000 3
17.160000 3
17.170000 3
17.180000 3
17.190000 3
17.200000 3
17.210000 3
17.220000 3
17.230000 3
17.240000 3
17.250000 3
17.260000 3
17.270000 3
17.280000 3
17.290000 3
17.300000 3
17.310000 3
17.320000 3
17.330000 3
17.340000 3
17.350000 3
17.360000 3
17.370000 3
17.380000 3
17.390000 3
17.400000 3
17.410000 3
17.420000 3
17.430000 3
17.440000 3
17.450000 3
17.460000 3
17.470000 3
17.480000 3
17.490000 3
17.500000 4
17.510000 3
17.520000 3
17.530000 3
17.540000 3
17.550000 3
17.560000 3
17.570000 3
17.580000 3
17.590000 3
17.600000 3
17.610000 3
17.620000 3
17.630000 3
17.640000 3
17.650000 3
17.660000 3
17.670000 3
17.680000 3
17.690000 3
17.700000 3
17.710000 3
17.720000 3
17.730000 3
17.740000 3
17.750000 3
17.760000 3
17.770000 3
17.780000 3
17.790000 3
17.800000 3
17.810000 3
17.820000 3
17.830000 3
17.840000 3
17.850000 3
17.860000 3
17.870000 3
17.880000 3
17.890000 3
17.900000 3
17.910000 3
17.920000 3
17.930000 3
17.940000 3
17.950000 3
17.960000 3
17.970000 3
17.980000 3
17.990000 3
18.000000 3
18.010000 3
18.020000 3
18.030000 3
18.040000 3
18.050000 3
18.060000 3
18.070000 3
18.080000 3
18.090000 3
18.100000 3
18.110000 3
18.120000 3
18.130000 3
18.140000 3
18.150000 3
18.160000 3
18.170000 3
18.180000 3
18.190000 3
18.200000 3
18.210000 3
18.220000 3
18.230000 3
18.240000 3
18.250000 3
18.260000 3
18.270000 3
18.280000 3
18.290000 3
18.300000 3
18.310000 3
18.320000 3
18.330000 3
18.340000 3
18.350000 3
18.360000 3
18.370000 3
18.380000 3
18.390000 3
18.400000 3
18.410000 3
18.420000 3
18.430000 3
18.440000 3
18.450000 3
18.460000 3
18.470000 3
18.480000 3
18.490000 3
18.500000 3
18.510000 3
18.520000 3
18.530000 3
18.540000 3
18.550000 3
18.560000 3
18.570000 3
18.580000 3
18.590000 3
18.600000 3
18.610000 3
18.620000 3
18.630000 3
18.640000 3
18.650000 3
18.660000 3
18.670000 3
18.680000 3
18.690000 3
18.700000 3
18.710000 3
18.720000 3
18.730000 3
18.740000 3
18.750000 3
18.760000 3
18.770000 3
18.780000 3
18.790000 3
18.800000 3
18.810000 3
18.820000 3
18.830000 3
18.840000 3
18.850000 3
18.860000 3
18.870000 3
18.880000 3
18.890000 3
18.900000 3
18.910000 3
18.920000 3
18.930000 3
18.940000 3
18.950000 3
18.960000 3
18.970000 3
18.980000 3
18.990000 3
19.000000 3
19.010000 3
19.020000 3
19.030000 3
19.040000 3
19.050000 3
19.060000 3
19.070000 3
19.080000 3
19.090000 3
19.100000 3
19.110000 3
19.120000 3
19.130000 3
19.140000 3
19.150000 3
19.160000 3
19.170000 3
19.180000 3
19.190000 3
19.200000 3
19.210000 3
19.220000 3
19.230000 3
19.240000 3
19.250000 3
19.260000 3
19.270000 3
19.280000 3
19.290000 3
19.300000 3
19.310000 3
19.320000 3
19.330000 3
19.340000 3
19.350000 3
19.360000 3
19.370000 3
19.380000 3
19.390000 3
19.400000 3
19.410000 3
19.420000 3
19.430000 3
19.440000 3
19.450000 3
19.460000 3
19.470000 3
19.480000 3
19.490000 3
19.500000 3
19.510000 3
19.520000 3
19.530000 3
19.540000 3
19.550000 3
19.560000 3
19.570000 3
19.580000 3
19.590000 3
19.600000 3
19.610000 3
19.620000 3
19.630000 3
19.640000 3
19.650000 3
19.660000 3
19.670000 3
19.680000 3
19.690000 3
19.700000 3
19.710000 3
19.720000 3
19.730000 3
19.740000 3
19.750000 3
19.760000 3
19.770000 3
19.780000 3
19.790000 3
19.800000 3
19.810000 3
19.820000 3
19.830000 3
19.840000 3
19.850000 3
19.860000 3
19.870000 3
19.880000 3
19.890000 3
19.900000 3
19.910000 3
19.920000 3
19.930000 3
19.940000 3
19.950000 3
19.960000 3
19.970000 3
19.980000 3
19.990000 3
20.000000 4
20.010000 3
20.020000 3
20.030000 3
20.040000 3
20.050000 3
20.060000 3
20.070000 3
20.080000 3
20.090000 3
20.100000 3
20.110000 3
20.120000 3
20.130000 3
20.140000 3
20.150000 3
20.160000 3
20.170000 3
20.180000 3
20.190000 3
20.200000 3
20.210000 3
20.220000 3
20.230000 3
20.240000 3
20.250000 3
20.260000 3
20.270000 3
20.280000 3
20.290000 3
20.300000 3
20.310000 3
20.320000 3
20.330000 3
20.340000 3
20.350000 3
20.360000 3
20.370000 3
20.380000 3
20.390000 3
20.400000 3
20.410000 3
20.420000 3
20.430000 3
20.440000 3
20.450000 3
20.460000 3
20.470000 3
20.480000 3
20.490000 3
20.500000 3
20.510000 3
20.520000 3
20.530000 3
20.540000 3
20.550000 3
20.560000 3
20.570000 3
20.580000 3
20.590000 3
20.600000 3
20.610000 3
20.620000 3
20.630000 3
20.640000 3
20.650000 3
20.660000 3
20.670000 3
20.680000 3
20.690000 3
20.700000 3
20.710000 3
20.720000 3
20.730000 3
20.740000 3
20.750000 3
20.760000 3
20.770000 3
20.780000 3
20.790000 3
20.800000 3
20.810000 3
20.820000 3
20.830000 3
20.840000 3
20.850000 3
20.860000 3
20.870000 3
20.880000 3
20.890000 3
20.900000 3
20.910000 3
20.920000 3
20.930000 3
20.940000 3
20.950000 3
20.960000 3
20.970000 3
20.980000 3
20.990000 3
21.000000 3
21.010000 3
21.020000 3
21.030000 3
21.040000 3
21.050000 3
21.060000 3
21.070000 3
21.080000 3
21.090000 3
21.100000 3
21.110000 3
21.120000 3
21.130000 3
21.140000 3
21.150000 3
21.160000 3
21.170000 3
21.180000 3
21.190000 3
21.200000 3
21.210000 3
21.220000 3
21.230000 3
21.240000 3
21.250000 3
21.260000 3
21.270000 3
21.280000 3
21.290000 3
21.300000 3
21.310000 3
21.320000 3
21.330000 3
21.340000 3
21.350000 3
21.360000 3
21.370000 3
21.380000 3
21.390000 3
21.400000 3
21.410000 3
21.420000 3
21.430000 3
21.440000 3
21.450000 3
21.460000 3
21.470000 3
21.480000 3
21.490000 3
21.500000 3
21.510000 3
21.520000 3
21.530000 3
21.540000 3
21.550000 3
21.560000 3
21.570000 3
21.580000 3
21.590000 3
21.600000 3
21.610000 3
21.620000 3
21.630000 3
21.640000 3
21.650000 3
21.660000 3
21.670000 3
21.680000 3
21.690000 3
21.700000 3
21.710000 3
21.720000 3
21.730000 3
21.740000 3
21.750000 3
21.760000 3
21.770000 3
21.780000 3
21.790000 3
21.800000 3
21.810000 3
21.820000 3
21.830000 3
21.840000 3
21.850000 3
21.860000 3
21.870000 3
21.880000 3
21.890000 3
21.900000 3
21.910000 3
21.920000 3
21.930000 3
21.940000 3
21.950000 3
21.960000 3
21.970000 3
21.980000 3
21.990000 3
22.000000 3
22.010000 3
22.020000 3
22.030000 3
22.040000 3
22.050000 3
22.060000 3
22.070000 3
22.080000 3
22.090000 3
22.100000 3
22.110000 3
22.120000 3
22.130000 3
22.140000 3
22.150000 3
22.160000 3
22.170000 3
22.180000 3
22.190000 3
22.200000 3
22.210000 3
22.220000 3
22.230000 3
22.240000 3
22.250000 3
22.260000 3
22.270000 3
22.280000 3
22.290000 3
22.300000 3
22.310000 3
22.320000 3
22.330000 3
22.340000 3
22.350000 3
22.360000 3
22.370000 3
22.380000 3
22.390000 3
22.400000 3
22.410000 3
22.420000 3
22.430000 3
22.440000 3
22.450000 3
22.460000 3
22.470000 3
22.480000 3
22.490000 3
22.500000 4
22.510000 3
22.520000 3
22.530000 3
22.540000 3
22.550000 3
22.560000 3
22.570000 3
22.580000 3
22.590000 3
22.600000 3
22.610000 3
22.620000 3
22.630000 3
22.640000 3
22.650000 3
22.660000 3
22.670000 3
22.680000 3
22.690000 3
22.700000 3
22.710000 3
22.720000 3
22.730000 3
22.740000 3
22.750000 3
22.760000 3
22.770000 3
22.780000 3
22.790000 3
22.800000 3
22.810000 3
22.820000 3
22.830000 3
22.840000 3
22.850000 3
22.860000 3
22.870000 3
22.880000 3
22.890000 3
22.900000 3
22.910000 3
22.920000 3
22.930000 3
22.940000 3
22.950000 3
22.960000 3
22.970000 3
22.980000 3
22.990000 3
23.000000 3
23.010000 3
23.020000 3
23.030000 3
23.040000 3
23.050000 3
23.060000 3
23.070000 3
23.080000 3
23.090000 3
23.100000 3
23.110000 3
23.120000 3
23.130000 3
23.140000 3
23.150000 3
23.160000 3
23.170000 3
23.180000 3
23.190000 3
23.200000 3
23.210000 3
23.220000 3
23.230000 3
23.240000 3
23.250000 3
23.260000 3
23.270000 3
23.280000 3
23.290000 3
23.300000 3
23.310000 3
23.320000 3
23.330000 3
23.340000 3
23.350000 3
23.360000 3
23.370000 3
23.380000 3
23.390000 3
23.400000 3
23.410000 3
23.420000 3
23.430000 3
23.440000 3
23.450000 3
23.460000 3
23.470000 3
23.480000 3
23.490000 3
23.500000 3
23.510000 3
23.520000 3
23.530000 3
23.540000 3
23.550000 3
23.560000 3
23.570000 3
23.580000 3
23.590000 3
23.600000 3
23.610000 3
23.620000 3
23.630000 3
23.640000 3
23.650000 3
23.660000 3
23.670000 3
23.680000 3
23.690000 3
23.700000 3
23.710000 3
23.720000 3
23.730000 3
23.740000 3
23.750000 3
23.760000 3
23.770000 3
23.780000 3
23.790000 3
23.800000 3
23.810000 3
23.820000 3
23.830000 3
23.840000 3
23.850000 3
23.860000 3
23.870000 3
23.880000 3
23.890000 3
23.900000 3
23.910000 3
23.920000 3
23.930000 3
23.940000 3
23.950000 3
23.960000 3
23.970000 3
23.980000 3
23.990000 3
24.000000 3
24.010000 3
24.020000 3
24.030000 3
24.040000 3
24.050000 3
24.060000 3
24.070000 3
24.080000 3
24.090000 3
24.100000 3
24.110000 3
24.120000 3
24.130000 3
24.140000 3
24.150000 3
24.160000 3
24.170000 3
24.180000 3
24.190000 3
24.200000 3
24.210000 3
24.220000 3
24.230000 3
24.240000 3
24.250000 3
24.260000 3
24.270000 3
24.280000 3
24.290000 3
24.300000 3
24.310000 3
24.320000 3
24.330000 3
24.340000 3
24.350000 3
24.360000 3
24.370000 3
24.380000 3
24.390000 3
24.400000 3
24.410000 3
24.420000 3
24.430000 3
24.440000 3
24.450000 3
24.460000 3
24.470000 3
24.480000 3
24.490000 3
24.500000 3
24.510000 3
24.520000 3
24.530000 3
24.540000 3
24.550000 3
24.560000 3
24.570000 3
24.580000 3
24.590000 3
24.600000 3
24.610000 3
24.620000 3
24.630000 3
24.640000 3
24.650000 3
24.660000 3
24.670000 3
24.680000 3
24.690000 3
24.700000 3
24.710000 3
24.720000 3
24.730000 3
24.740000 3
24.750000 3
24.760000 3
24.770000 3
24.780000 3
24.790000 3
24.800000 3
24.810000 3
24.820000 3
24.830000 3
24.840000 3
24.850000 3
24.860000 3
24.870000 3
24.880000 3
24.890000 3
24.900000 3
24.910000 3
24.920000 3
24.930000 3
24.940000 3
24.950000 3
24.960000 3
24.970000 3
24.980000 3
24.990000 3
25.000000 4
25.010000 3
25.020000 3
25.030000 3
25.040000 3
25.050000 3
25.060000 3
25.070000 3
25.080000 3
25.090000 3
25.100000 3
25.110000 3
25.120000 3
25.130000 3
25.140000 3
25.150000 3
25.160000 3
25.170000 3
25.180000 3
25.190000 3
25.200000 3
25.210000 3
25.220000 3
25.230000 3
25.240000 3
25.250000 3
25.260000 3
25.270000 3
25.280000 3
25.290000 3
25.300000 3
25.310000 3
25.320000 3
25.330000 3
25.340000 3
25.350000 3
25.360000 3
25.370000 3
25.380000 3
25.390000 3
25.400000 3
25.410000 3
25.420000 3
25.430000 3
25.440000 3
25.450000 3
25.460000 3
25.470000 3
25.480000 3
25.490000 3
25.500000 3
25.510000 3
25.520000 3
25.530000 3
25.540000 3
25.550000 3
25.560000 3
25.570000 3
25.580000 3
25.590000 3
25.600000 3
25.610000 3
25.620000 3
25.630000 3
25.640000 3
25.650000 3
25.660000 3
25.670000 3
25.680000 3
25.690000 3
25.700000 3
25.710000 3
25.720000 3
25.730000 3
25.740000 3
25.750000 3
25.760000 3
25.770000 3
25.780000 3
25.790000 3
25.800000 3
25.810000 3
25.820000 3
25.830000 3
25.840000 3
25.850000 3
25.860000 3
25.870000 3
25.880000 3
25.890000 3
25.900000 3
25.910000 3
25.920000 3
25.930000 3
25.940000 3
25.950000 3
25.960000 3
25.970000 3
25.980000 3
25.990000 3
26.000000 3
26.010000 3
26.020000 3
26.030000 3
26.040000 3
26.050000 3
26.060000 3
26.070000 3
26.080000 3
26.090000 3
26.100000 3
26.110000 3
26.120000 3
26.130000 3
26.140000 3
26.150000 3
26.160000 3
26.170000 3
26.180000 3
26.190000 3
26.200000 3
26.210000 3
26.220000 3
26.230000 3
26.240000 3
26.250000 3
26.260000 3
26.270000 3
26.280000 3
26.290000 3
26.300000 3
26.310000 3
26.320000 3
26.330000 3
26.340000 3
26.350000 3
26.360000 3
26.370000 3
26.380000 3
26.390000 3
26.400000 3
26.410000 3
26.420000 3
26.430000 3
26.440000 3
26.450000 3
26.460000 3
26.470000 3
26.480000 3
26.490000 3
26.500000 3
26.510000 3
26.520000 3
26.530000 3
26.540000 3
26.550000 3
26.560000 3
26.570000 3
26.580000 3
26.590000 3
26.600000 3
26.610000 3
26.620000 3
26.630000 3
26.640000 3
26.650000 3
26.660000 3
26.670000 3
26.680000 3
26.690000 3
26.700000 3
26.710000 3
26.720000 3
26.730000 3
26.740000 3
26.750000 3
26.760000 3
26.770000 3
26.780000 3
26.790000 3
26.800000 3
26.810000 3
26.820000 3
26.830000 3
26.840000 3
26.850000 3
26.860000 3
26.870000 3
26.880000 3
26.890000 3
26.900000 3
26.910000 3
26.920000 3
26.930000 3
26.940000 3
26.950000 3
26.960000 3
26.970000 3
26.980000 3
26.990000 3
27.000000 3
27.010000 3
27.020000 3
27.030000 3
27.040000 3
27.050000 3
27.060000 3
27.070000 3
27.080000 3
27.090000 3
27.100000 3
27.110000 3
27.120000 3
27.130000 3
27.140000 3
27.150000 3
27.160000 3
27.170000 3
27.180000 3
27.190000 3
27.200000 3
27.210000 3
27.220000 3
27.230000 3
27.240000 3
27.250000 3
27.260000 3
27.270000 3
27.280000 3
27.290000 3
27.300000 3
27.310000 3
27.320000 3
27.330000 3
27.340000 3
27.350000 3
27.360000 3
27.370000 3
27.380000 3
27.390000 3
27.400000 3
27.410000 3
27.420000 3
27.430000 3
27.440000 3
27.450000 3
27.460000 3
27.470000 3
27.480000 3
27.490000 3
27.500000 4
27.510000 3
27.520000 3
27.530000 3
27.540000 3
27.550000 3
27.560000 3
27.570000 3
27.580000 3
27.590000 3
27.600000 3
27.610000 3
27.620000 3
27.630000 3
27.640000 3
27.650000 3
27.660000 3
27.670000 3
27.680000 3
27.690000 3
27.700000 3
27.710000 3
27.720000 3
27.730000 3
27.740000 3
27.750000 3
27.760000 3
27.770000 3
27.780000 3
27.790000 3
27.800000 3
27.810000 3
27.820000 3
27.830000 3
27.840000 3
27.850000 3
27.860000 3
27.870000 3
27.880000 3
27.890000 3
27.900000 3
27.910000 3
27.920000 3
27.930000 3
27.940000 3
27.950000 3
27.960000 3
27.970000 3
27.980000 3
27.990000 3
28.000000 3
28.010000 3
28.020000 3
28.030000 3
28.040000 3
28.050000 3
28.060000 3
28.070000 3
28.080000 3
28.090000 3
28.100000 3
28.110000 3
28.120000 3
28.130000 3
28.140000 3
28.150000 3
28.160000 3
28.170000 3
28.180000 3
28.190000 3
28.200000 3
28.210000 3
28.220000 3
28.230000 3
28.240000 3
28.250000 3
28.260000 3
28.270000 3
28.280000 3
28.290000 3
28.300000 3
28.310000 3
28.320000 3
28.330000 3
28.340000 3
28.350000 3
28.360000 3
28.370000 3
28.380000 3
28.390000 3
28.400000 3
28.410000 3
28.420000 3
28.430000 3
28.440000 3
28.450000 3
28.460000 3
28.470000 3
28.480000 3
28.490000 3
28.500000 3
28.510000 3
28.520000 3
28.530000 3
28.540000 3
28.550000 3
28.560000 3
28.570000 3
28.580000 3
28.590000 3
28.600000 3
28.610000 3
28.620000 3
28.630000 3
28.640000 3
28.650000 3
28.660000 3
28.670000 3
28.680000 3
28.690000 3
28.700000 3
28.710000 3
28.720000 3
28.730000 3
28.740000 3
28.750000 3
28.760000 3
28.770000 3
28.780000 3
28.790000 3
28.800000 3
28.810000 3
28.820000 3
28.830000 3
28.840000 3
28.850000 3
28.860000 3
28.870000 3
28.880000 3
28.890000 3
28.900000 3
28.910000 3
28.920000 3
28.930000 3
28.940000 3
28.950000 3
28.960000 3
28.970000 3
28.980000 3
28.990000 3
29.000000 3
29.010000 3
29.020000 3
29.030000 3
29.040000 3
29.050000 3
29.060000 3
29.070000 3
29.080000 3
29.090000 3
29.100000 3
29.110000 3
29.120000 3
29.130000 3
29.140000 3
29.150000 3
29.160000 3
29.170000 3
29.180000 3
29.190000 3
29.200000 3
29.210000 3
29.220000 3
29.230000 3
29.240000 3
29.250000 3
29.260000 3
29.270000 3
29.280000 3
29.290000 3
29.300000 3
29.310000 3
29.320000 3
29.330000 3
29.340000 3
29.350000 3
29.360000 3
29.370000 3
29.380000 3
29.390000 3
29.400000 3
29.410000 3
29.420000 3
29.430000 3
29.440000 3
29.450000 3
29.460000 3
29.470000 3
29.480000 3
29.490000 3
29.500000 3
29.510000 3
29.520000 3
29.530000 3
29.540000 3
29.550000 3
29.560000 3
29.570000 3
29.580000 3
29.590000 3
29.600000 3
29.610000 3
29.620000 3
29.630000 3
29.640000 3
29.650000 3
29.660000 3
29.670000 3
29.680000 3
29.690000 3
29.700000 3
29.710000 3
29.720000 3
29.730000 3
29.740000 3
29.750000 3
29.760000 3
29.770000 3
29.780000 3
29.790000 3
29.800000 3
29.810000 3
29.820000 3
29.830000 3
29.840000 3
29.850000 3
29.860000 3
29.870000 3
29.880000 3
29.890000 3
29.900000 3
29.910000 3
29.920000 3
29.930000 3
29.940000 3
29.950000 3
29.960000 3
29.970000 3
29.980000 3
29.990000 3
30.000000 4
30.010000 3
30.020000 3
30.030000 3
30.040000 3
30.050000 3
30.060000 3
30.070000 3
30.080000 3
30.090000 3
30.100000 3
30.110000 3
30.120000 3
30.130000 3
30.140000 3
30.150000 3
30.160000 3
30.170000 3
30.180000 3
30.190000 3
30.200000 3
30.210000 3
30.220000 3
30.230000 3
30.240000 3
30.250000 3
30.260000 3
30.270000 3
30.280000 3
30.290000 3
30.300000 3
30.310000 3
30.320000 3
30.330000 3
30.340000 3
30.350000 3
30.360000 3
30.370000 3
30.380000 3
30.390000 3
30.400000 3
30.410000 3
30.420000 3
30.430000 3
30.440000 3
30.450000 3
30.460000 3
30.470000 3
30.480000 3
30.490000 3
30.500000 3
30.510000 3
30.520000 3
30.530000 3
30.540000 3
30.550000 3
30.560000 3
30.570000 3
30.580000 3
30.590000 3
30.600000 3
30.610000 3
30.620000 3
30.630000 3
30.640000 3
30.650000 3
30.660000 3
30.670000 3
30.680000 3
30.690000 3
30.700000 3
30.710000 3
30.720000 3
30.730000 3
30.740000 3
30.750000 3
30.760000 3
30.770000 3
30.780000 3
30.790000 3
30.800000 3
30.810000 3
30.820000 3
30.830000 3
30.840000 3
30.850000 3
30.860000 3
30.870000 3
30.880000 3
30.890000 3
30.900000 3
30.910000 3
30.920000 3
30.930000 3
30.940000 3
30.950000 3
30.960000 3
30.970000 3
30.980000 3
30.990000 3
31.000000 3
31.010000 3
31.020000 3
31.030000 3
31.040000 3
31.050000 3
31.060000 3
31.070000 3
31.080000 3
31.090000 3
31.100000 3
31.110000 3
31.120000 3
31.130000 3
31.140000 3
31.150000 3
31.160000 3
31.170000 3
31.180000 3
31.190000 3
31.200000 3
31.210000 3
31.220000 3
31.230000 3
31.240000 3
31.250000 3
31.260000 3
31.270000 3
31.280000 3
31.290000 3
31.300000 3
31.310000 3
31.320000 3
31.330000 3
31.340000 3
31.350000 3
31.360000 3
31.370000 3
31.380000 3
31.390000 3
31.400000 3
31.410000 3
31.420000 3
31.430000 3
31.440000 3
31.450000 3
31.460000 3
31.470000 3
31.480000 3
31.490000 3
31.500000 3
31.510000 3
31.520000 3
31.530000 3
31.540000 3
31.550000 3
31.560000 3
31.570000 3
31.580000 3
31.590000 3
31.600000 3
31.610000 3
31.620000 3
31.630000 3
31.640000 3
31.650000 3
31.660000 3
31.670000 3
31.680000 3
31.690000 3
31.700000 3
31.710000 3
31.720000 3
31.730000 3
31.740000 3
31.750000 3
31.760000 3
31.770000 3
31.780000 3
31.790000 3
31.800000 3
31.810000 3
31.820000 3
31.830000 3
31.840000 3
31.850000 3
31.860000 3
31.870000 3
31.880000 3
31.890000 3
31.900000 3
31.910000 3
31.920000 3
31.930000 3
31.940000 3
31.950000 3
31.960000 3
31.970000 3
31.980000 3
31.990000 3
32.000000 3
32.010000 3
32.020000 3
32.030000 3
32.040000 3
32.050000 3
32.060000 3
32.070000 3
32.080000 3
32.090000 3
32.100000 3
32.110000 3
32.120000 3
32.130000 3
32.140000 3
32.150000 3
32.160000 3
32.170000 3
32.180000 3
32.190000 3
32.200000 3
32.210000 3
32.220000 3
32.230000 3
32.240000 3
32.250000 3
32.260000 3
32.270000 3
32.280000 3
32.290000 3
32.300000 3
32.310000 3
32.320000 3
32.330000 3
32.340000 3
32.350000 3
32.360000 3
32.370000 3
32.380000 3
32.390000 3
32.400000 3
32.410000 3
32.420000 3
32.430000 3
32.440000 3
32.450000 3
32.460000 3
32.470000 3
32.480000 3
32.490000 3
32.500000 4
32.510000 3
32.520000 3
32.530000 3
32.540000 3
32.550000 3
32.560000 3
32.570000 3
32.580000 3
32.590000 3
32.600000 3
32.610000 3
32.620000 3
32.630000 3
32.640000 3
32.650000 3
32.660000 3
32.670000 3
32.680000 3
32.690000 3
32.700000 3
32.710000 3
32.720000 3
32.730000 3
32.740000 3
32.750000 3
32.760000 3
32.770000 3
32.780000 3
32.790000 3
32.800000 3
32.810000 3
32.820000 3
32.830000 3
32.840000 3
32.850000 3
32.860000 3
32.870000 3
32.880000 3
32.890000 3
32.900000 3
32.910000 3
32.920000 3
32.930000 3
32.940000 3
32.950000 3
32.960000 3
32.970000 3
32.980000 3
32.990000 3
33.000000 3
33.010000 3
33.020000 3
33.030000 3
33.040000 3
33.050000 3
33.060000 3
33.070000 3
33.080000 3
33.090000 3
33.100000 3
33.110000 3
33.120000 3
33.130000 3
33.140000 3
33.150000 3
33.160000 3
33.170000 3
33.180000 3
33.190000 3
33.200000 3
33.210000 3
33.220000 3
33.230000 3
33.240000 3
33.250000 3
33.260000 3
33.270000 3
33.280000 3
33.290000 3
33.300000 3
33.310000 3
33.320000 3
33.330000 3
33.340000 3
33.350000 3
33.360000 3
33.370000 3
33.380000 3
33.390000 3
33.400000 3
33.410000 3
33.420000 3
33.430000 3
33.440000 3
33.450000 3
33.460000 3
33.470000 3
33.480000 3
33.490000 3
33.500000 3
33.510000 3
33.520000 3
33.530000 3
33.540000 3
33.550000 3
33.560000 3
33.570000 3
33.580000 3
33.590000 3
33.600000 3
33.610000 3
33.620000 3
33.630000 3
33.640000 3
33.650000 3
33.660000 3
33.670000 3
33.680000 3
33.690000 3
33.700000 3
33.710000 3
33.720000 3
33.730000 3
33.740000 3
33.750000 3
33.760000 3
33.770000 3
33.780000 3
33.790000 3
33.800000 3
33.810000 3
33.820000 3
33.830000 3
33.840000 3
33.850000 3
33.860000 3
33.870000 3
33.880000 3
33.890000 3
33.900000 3
33.910000 3
33.920000 3
33.930000 3
33.940000 3
33.950000 3
33.960000 3
33.970000 3
33.980000 3
33.990000 3
34.000000 3
34.010000 3
34.020000 3
34.030000 3
34.040000 3
34.050000 3
34.060000 3
34.070000 3
34.080000 3
34.090000 3
34.100000 3
34.110000 3
34.120000 3
34.130000 3
34.140000 3
34.150000 3
34.160000 3
34.170000 3
34.180000 3
34.190000 3
34.200000 3
34.210000 3
34.220000 3
34.230000 3
34.240000 3
34.250000 3
34.260000 3
34.270000 3
34.280000 3
34.290000 3
34.300000 3
34.310000 3
34.320000 3
34.330000 3
34.340000 3
34.350000 3
34.360000 3
34.370000 3
34.380000 3
34.390000 3
34.400000 3
34.410000 3
34.420000 3
34.430000 3
34.440000 3
34.450000 3
34.460000 3
34.470000 3
34.480000 3
34.490000 3
34.500000 3
34.510000 3
34.520000 3
34.530000 3
34.540000 3
34.550000 3
34.560000 3
34.570000 3
34.580000 3
34.590000 3
34.600000 3
34.610000 3
34.620000 3
34.630000 3
34.640000 3
34.650000 3
34.660000 3
34.670000 3
34.680000 3
34.690000 3
34.700000 3
34.710000 3
34.720000 3
34.730000 3
34.740000 3
34.750000 3
34.760000 3
34.770000 3
34.780000 3
34.790000 3
34.800000 3
34.810000 3
34.820000 3
34.830000 3
34.840000 3
34.850000 3
34.860000 3
34.870000 3
34.880000 3
34.890000 3
34.900000 3
34.910000 3
34.920000 3
34.930000 3
34.940000 3
34.950000 3
34.960000 3
34.970000 3
34.980000 3
34.990000 3
35.000000 4
35.010000 3
35.020000 3
35.030000 3
35.040000 3
35.050000 3
35.060000 3
35.070000 3
35.080000 3
35.090000 3
35.100000 3
35.110000 3
35.120000 3
35.130000 3
35.140000 3
35.150000 3
35.160000 3
35.170000 3
35.180000 3
35.190000 3
35.200000 3
35.210000 3
35.220000 3
35.230000 3
35.240000 3
35.250000 3
35.260000 3
35.270000 3
35.280000 3
35.290000 3
35.300000 3
35.310000 3
35.320000 3
35.330000 3
35.340000 3
35.350000 3
35.360000 3
35.370000 3
35.380000 3
35.390000 3
35.400000 3
35.410000 3
35.420000 3
35.430000 3
35.440000 3
35.450000 3
35.460000 3
35.470000 3
35.480000 3
35.490000 3
35.500000 3
35.510000 3
35.520000 3
35.530000 3
35.540000 3
35.550000 3
35.560000 3
35.570000 3
35.580000 3
35.590000 3
35.600000 3
35.610000 3
35.620000 3
35.630000 3
35.640000 3
35.650000 3
35.660000 3
35.670000 3
35.680000 3
35.690000 3
35.700000 3
35.710000 3
35.720000 3
35.730000 3
35.740000 3
35.750000 3
35.760000 3
35.770000 3
35.780000 3
35.790000 3
35.800000 3
35.810000 3
35.820000 3
35.830000 3
35.840000 3
35.850000 3
35.860000 3
35.870000 3
35.880000 3
35.890000 3
35.900000 3
35.910000 3
35.920000 3
35.930000 3
35.940000 3
35.950000 3
35.960000 3
35.970000 3
35.980000 3
35.990000 3
36.000000 3
36.010000 3
36.020000 3
36.030000 3
36.040000 3
36.050000 3
36.060000 3
36.070000 3
36.080000 3
36.090000 3
36.100000 3
36.110000 3
36.120000 3
36.130000 3
36.140000 3
36.150000 3
36.160000 3
36.170000 3
36.180000 3
36.190000 3
36.200000 3
36.210000 3
36.220000 3
36.230000 3
36.240000 3
36.250000 3
36.260000 3
36.270000 3
36.280000 3
36.290000 3
36.300000 3
36.310000 3
36.320000 3
36.330000 3
36.340000 3
36.350000 3
36.360000 3
36.370000 3
36.380000 3
36.390000 3
36.400000 3
36.410000 3
36.420000 3
36.430000 3
36.440000 3
36.450000 3
36.460000 3
36.470000 3
36.480000 3
36.490000 3
36.500000 3
36.510000 3
36.520000 3
36.530000 3
36.540000 3
36.550000 3
36.560000 3
36.570000 3
36.580000 3
36.590000 3
36.600000 3
36.610000 3
36.620000 3
36.630000 3
36.640000 3
36.650000 3
36.660000 3
36.670000 3
36.680000 3
36.690000 3
36.700000 3
36.710000 3
36.720000 3
36.730000 3
36.740000 3
36.750000 3
36.760000 3
36.770000 3
36.780000 3
36.790000 3
36.800000 3
36.810000 3
36.820000 3
36.830000 3
36.840000 3
36.850000 3
36.860000 3
36.870000 3
36.880000 3
36.890000 3
36.900000 3
36.910000 3
36.920000 3
36.930000 3
36.940000 3
36.950000 3
36.960000 3
36.970000 3
36.980000 3
36.990000 3
37.000000 3
37.010000 3
37.020000 3
37.030000 3
37.040000 3
37.050000 3
37.060000 3
37.070000 3
37.080000 3
37.090000 3
37.100000 3
37.110000 3
37.120000 3
37.130000 3
37.140000 3
37.150000 3
37.160000 3
37.170000 3
37.180000 3
37.190000 3
37.200000 3
37.210000 3
37.220000 3
37.230000 3
37.240000 3
37.250000 3
37.260000 3
37.270000 3
37.280000 3
37.290000 3
37.300000 3
37.310000 3
37.320000 3
37.330000 3
37.340000 3
37.350000 3
37.360000 3
37.370000 3
37.380000 3
37.390000 3
37.400000 3
37.410000 3
37.420000 3
37.430000 3
37.440000 3
37.450000 3
37.460000 3
37.470000 3
37.480000 3
37.490000 3
37.500000 4
37.510000 3
37.520000 3
37.530000 3
37.540000 3
37.550000 3
37.560000 3
37.570000 3
37.580000 3
37.590000 3
37.600000 3
37.610000 3
37.620000 3
37.630000 3
37.640000 3
37.650000 3
37.660000 3
37.670000 3
37.680000 3
37.690000 3
37.700000 3
37.710000 3
37.720000 3
37.730000 3
37.740000 3
37.750000 3
37.760000 3
37.770000 3
37.780000 3
37.790000 3
37.800000 3
37.810000 3
37.820000 3
37.830000 3
37.840000 3
37.850000 3
37.860000 3
37.870000 3
37.880000 3
37.890000 3
37.900000 3
37.910000 3
37.920000 3
37.930000 3
37.940000 3
37.950000 3
37.960000 3
37.970000 3
37.980000 3
37.990000 3
38.000000 3
38.010000 3
38.020000 3
38.030000 3
38.040000 3
38.050000 3
38.060000 3
38.070000 3
38.080000 3
38.090000 3
38.100000 3
38.110000 3
38.120000 3
38.130000 3
38.140000 3
38.150000 3
38.160000 3
38.170000 3
38.180000 3
38.190000 3
38.200000 3
38.210000 3
38.220000 3
38.230000 3
38.240000 3
38.250000 3
38.260000 3
38.270000 3
38.280000 3
38.290000 3
38.300000 3
38.310000 3
38.320000 3
38.330000 3
38.340000 3
38.350000 3
38.360000 3
38.370000 3
38.380000 3
38.390000 3
38.400000 3
38.410000 3
38.420000 3
38.430000 3
38.440000 3
38.450000 3
38.460000 3
38.470000 3
38.480000 3
38.490000 3
38.500000 3
38.510000 3
38.520000 3
38.530000 3
38.540000 3
38.550000 3
38.560000 3
38.570000 3
38.580000 3
38.590000 3
38.600000 3
38.610000 3
38.620000 3
38.630000 3
38.640000 3
38.650000 3
38.660000 3
38.670000 3
38.680000 3
38.690000 3
38.700000 3
38.710000 3
38.720000 3
38.730000 3
38.740000 3
38.750000 3
38.760000 3
38.770000 3
38.780000 3
38.790000 3
38.800000 3
38.810000 3
38.820000 3
38.830000 3
38.840000 3
38.850000 3
38.860000 3
38.870000 3
38.880000 3
38.890000 3
38.900000 3
38.910000 3
38.920000 3
38.930000 3
38.940000 3
38.950000 3
38.960000 3
38.970000 3
38.980000 3
38.990000 3
39.000000 3
39.010000 3
39.020000 3
39.030000 3
39.040000 3
39.050000 3
39.060000 3
39.070000 3
39.080000 3
39.090000 3
39.100000 3
39.110000 3
39.120000 3
39.130000 3
39.140000 3
39.150000 3
39.160000 3
39.170000 3
39.180000 3
39.190000 3
39.200000 3
39.210000 3
39.220000 3
39.230000 3
39.240000 3
39.250000 3
39.260000 3
39.270000 3
39.280000 3
39.290000 3
39.300000 3
39.310000 3
39.320000 3
39.330000 3
39.340000 3
39.350000 3
39.360000 3
39.370000 3
39.380000 3
39.390000 3
39.400000 3
39.410000 3
39.420000 3
39.430000 3
39.440000 3
39.450000 3
39.460000 3
39.470000 3
39.480000 3
39.490000 3
39.500000 3
39.510000 3
39.520000 3
39.530000 3
39.540000 3
39.550000 3
39.560000 3
39.570000 3
39.580000 3
39.590000 3
39.600000 3
39.610000 3
39.620000 3
39.630000 3
39.640000 3
39.650000 3
39.660000 3
39.670000 3
39.680000 3
39.690000 3
39.700000 3
39.710000 3
39.720000 3
39.730000 3
39.740000 3
39.750000 3
39.760000 3
39.770000 3
39.780000 3
39.790000 3
39.800000 3
39.810000 3
39.820000 3
39.830000 3
39.840000 3
39.850000 3
39.860000 3
39.870000 3
39.880000 3
39.890000 3
39.900000 3
39.910000 3
39.920000 3
39.930000 3
39.940000 3
39.950000 3
39.960000 3
39.970000 3
39.980000 3
39.990000 3
40.000000 4
40.010000 3
40.020000 3
40.030000 3
40.040000 3
40.050000 3
40.060000 3
40.070000 3
40.080000 3
40.090000 3
40.100000 3
40.110000 3
40.120000 3
40.130000 3
40.140000 3
40.150000 3
40.160000 3
40.170000 3
40.180000 3
40.190000 3
40.200000 3
40.210000 3
40.220000 3
40.230000 3
40.240000 3
40.250000 3
40.260000 3
40.270000 3
40.280000 3
40.290000 3
40.300000 3
40.310000 3
40.320000 3
40.330000 3
40.340000 3
40.350000 3
40.360000 3
40.370000 3
40.380000 3
40.390000 3
40.400000 3
40.410000 3
40.420000 3
40.430000 3
40.440000 3
40.450000 3
40.460000 3
40.470000 3
40.480000 3
40.490000 3
40.500000 3
40.510000 3
40.520000 3
40.530000 3
40.540000 3
40.550000 3
40.560000 3
40.570000 3
40.580000 3
40.590000 3
40.600000 3
40.610000 3
40.620000 3
40.630000 3
40.640000 3
40.650000 3
40.660000 3
40.670000 3
40.680000 3
40.690000 3
40.700000 3
40.710000 3
40.720000 3
40.730000 3
40.740000 3
40.750000 3
40.760000 3
40.770000 3
40.780000 3
40.790000 3
40.800000 3
40.810000 3
40.820000 3
40.830000 3
40.840000 3
40.850000 3
40.860000 3
40.870000 3
40.880000 3
40.890000 3
40.900000 3
40.910000 3
40.920000 3
40.930000 3
40.940000 3
40.950000 3
40.960000 3
40.970000 3
40.980000 3
40.990000 3
41.000000 3
41.010000 3
41.020000 3
41.030000 3
41.040000 3
41.050000 3
41.060000 3
41.070000 3
41.080000 3
41.090000 3
41.100000 3
41.110000 3
41.120000 3
41.130000 3
41.140000 3
41.150000 3
41.160000 3
41.170000 3
41.180000 3
41.190000 3
41.200000 3
41.210000 3
41.220000 3
41.230000 3
41.240000 3
41.250000 3
41.260000 3
41.270000 3
41.280000 3
41.290000 3
41.300000 3
41.310000 3
41.320000 3
41.330000 3
41.340000 3
41.350000 3
41.360000 3
41.370000 3
41.380000 3
41.390000 3
41.400000 3
41.410000 3
41.420000 3
41.430000 3
41.440000 3
41.450000 3
41.460000 3
41.470000 3
41.480000 3
41.490000 3
41.500000 3
41.510000 3
41.520000 3
41.530000 3
41.540000 3
41.550000 3
41.560000 3
41.570000 3
41.580000 3
41.590000 3
41.600000 3
41.610000 3
41.620000 3
41.630000 3
41.640000 3
41.650000 3
41.660000 3
41.670000 3
41.680000 3
41.690000 3
41.700000 3
41.710000 3
41.720000 3
41.730000 3
41.740000 3
41.750000 3
41.760000 3
41.770000 3
41.780000 3
41.790000 3
41.800000 3
41.810000 3
41.820000 3
41.830000 3
41.840000 3
41.850000 3
41.860000 3
41.870000 3
41.880000 3
41.890000 3
41.900000 3
41.910000 3
41.920000 3
41.930000 3
41.940000 3
41.950000 3
41.960000 3
41.970000 3
41.980000 3
41.990000 3
42.000000 3
42.010000 3
42.020000 3
42.030000 3
42.040000 3
42.050000 3
42.060000 3
42.070000 3
42.080000 3
42.090000 3
42.100000 3
42.110000 3
42.120000 3
42.130000 3
42.140000 3
42.150000 3
42.160000 3
42.170000 3
42.180000 3
42.190000 3
42.200000 3
42.210000 3
42.220000 3
42.230000 3
42.240000 3
42.250000 3
42.260000 3
42.270000 3
42.280000 3
42.290000 3
42.300000 3
42.310000 3
42.320000 3
42.330000 3
42.340000 3
42.350000 3
42.360000 3
42.370000 3
42.380000 3
42.390000 3
42.400000 3
42.410000 3
42.420000 3
42.430000 3
42.440000 3
42.450000 3
42.460000 3
42.470000 3
42.480000 3
42.490000 3
42.500000 4
42.510000 3
42.520000 3
42.530000 3
42.540000 3
42.550000 3
42.560000 3
42.570000 3
42.580000 3
42.590000 3
42.600000 3
42.610000 3
42.620000 3
42.630000 3
42.640000 3
42.650000 3
42.660000 3
42.670000 3
42.680000 3
42.690000 3
42.700000 3
42.710000 3
42.720000 3
42.730000 3
42.740000 3
42.750000 3
42.760000 3
42.770000 3
42.780000 3
42.790000 3
42.800000 3
42.810000 3
42.820000 3
42.830000 3
42.840000 3
42.850000 3
42.860000 3
42.870000 3
42.880000 3
42.890000 3
42.900000 3
42.910000 3
42.920000 3
42.930000 3
42.940000 3
42.950000 3
42.960000 3
42.970000 3
42.980000 3
42.990000 3
43.000000 3
43.010000 3
43.020000 3
43.030000 3
43.040000 3
43.050000 3
43.060000 3
43.070000 3
43.080000 3
43.090000 3
43.100000 3
43.110000 3
43.120000 3
43.130000 3
43.140000 3
43.150000 3
43.160000 3
43.170000 3
43.180000 3
43.190000 3
43.200000 3
43.210000 3
43.220000 3
43.230000 3
43.240000 3
43.250000 3
43.260000 3
43.270000 3
43.280000 3
43.290000 3
43.300000 3
43.310000 3
43.320000 3
43.330000 3
43.340000 3
43.350000 3
43.360000 3
43.370000 3
43.380000 3
43.390000 3
43.400000 3
43.410000 3
43.420000 3
43.430000 3
43.440000 3
43.450000 3
43.460000 3
43.470000 3
43.480000 3
43.490000 3
43.500000 3
43.510000 3
43.520000 3
43.530000 3
43.540000 3
43.550000 3
43.560000 3
43.570000 3
43.580000 3
43.590000 3
43.600000 3
43.610000 3
43.620000 3
43.630000 3
43.640000 3
43.650000 3
43.660000 3
43.670000 3
43.680000 3
43.690000 3
43.700000 3
43.710000 3
43.720000 3
43.730000 3
43.740000 3
43.750000 3
43.760000 3
43.770000 3
43.780000 3
43.790000 3
43.800000 3
43.810000 3
43.820000 3
43.830000 3
43.840000 3
43.850000 3
43.860000 3
43.870000 3
43.880000 3
43.890000 3
43.900000 3
43.910000 3
43.920000 3
43.930000 3
43.940000 3
43.950000 3
43.960000 3
43.970000 3
43.980000 3
43.990000 3
44.000000 3
44.010000 3
44.020000 3
44.030000 3
44.040000 3
44.050000 3
44.060000 3
44.070000 3
44.080000 3
44.090000 3
44.100000 3
44.110000 3
44.120000 3
44.130000 3
44.140000 3
44.150000 3
44.160000 3
44.170000 3
44.180000 3
44.190000 3
44.200000 3
44.210000 3
44.220000 3
44.230000 3
44.240000 3
44.250000 3
44.260000 3
44.270000 3
44.280000 3
44.290000 3
44.300000 3
44.310000 3
44.320000 3
44.330000 3
44.340000 3
44.350000 3
44.360000 3
44.370000 3
44.380000 3
44.390000 3
44.400000 3
44.410000 3
44.420000 3
44.430000 3
44.440000 3
44.450000 3
44.460000 3
44.470000 3
44.480000 3
44.490000 3
44.500000 3
44.510000 3
44.520000 3
44.530000 3
44.540000 3
44.550000 3
44.560000 3
44.570000 3
44.580000 3
44.590000 3
44.600000 3
44.610000 3
44.620000 3
44.630000 3
44.640000 3
44.650000 3
44.660000 3
44.670000 3
44.680000 3
44.690000 3
44.700000 3
44.710000 3
44.720000 3
44.730000 3
44.740000 3
44.750000 3
44.760000 3
44.770000 3
44.780000 3
44.790000 3
44.800000 3
44.810000 3
44.820000 3
44.830000 3
44.840000 3
44.850000 3
44.860000 3
44.870000 3
44.880000 3
44.890000 3
44.900000 3
44.910000 3
44.920000 3
44.930000 3
44.940000 3
44.950000 3
44.960000 3
44.970000 3
44.980000 3
44.990000 3
45.000000 4
45.010000 3
45.020000 3
45.030000 3
45.040000 3
45.050000 3
45.060000 3
45.070000 3
45.080000 3
45.090000 3
45.100000 3
45.110000 3
45.120000 3
45.130000 3
45.140000 3
45.150000 3
45.160000 3
45.170000 3
45.180000 3
45.190000 3
45.200000 3
45.210000 3
45.220000 3
45.230000 3
45.240000 3
45.250000 3
45.260000 3
45.270000 3
45.280000 3
45.290000 3
45.300000 3
45.310000 3
45.320000 3
45.330000 3
45.340000 3
45.350000 3
45.360000 3
45.370000 3
45.380000 3
45.390000 3
45.400000 3
45.410000 3
45.420000 3
45.430000 3
45.440000 3
45.450000 3
45.460000 3
45.470000 3
45.480000 3
45.490000 3
45.500000 3
45.510000 3
45.520000 3
45.530000 3
45.540000 3
45.550000 3
45.560000 3
45.570000 3
45.580000 3
45.590000 3
45.600000 3
45.610000 3
45.620000 3
45.630000 3
45.640000 3
45.650000 3
45.660000 3
45.670000 3
45.680000 3
45.690000 3
45.700000 3
45.710000 3
45.720000 3
45.730000 3
45.740000 3
45.750000 3
45.760000 3
45.770000 3
45.780000 3
45.790000 3
45.800000 3
45.810000 3
45.820000 3
45.830000 3
45.840000 3
45.850000 3
45.860000 3
45.870000 3
45.880000 3
45.890000 3
45.900000 3
45.910000 3
45.920000 3
45.930000 3
45.940000 3
45.950000 3
45.960000 3
45.970000 3
45.980000 3
45.990000 3
46.000000 3
46.010000 3
46.020000 3
46.030000 3
46.040000 3
46.050000 3
46.060000 3
46.070000 3
46.080000 3
46.090000 3
46.100000 3
46.110000 3
46.120000 3
46.130000 3
46.140000 3
46.150000 3
46.160000 3
46.170000 3
46.180000 3
46.190000 3
46.200000 3
46.210000 3
46.220000 3
46.230000 3
46.240000 3
46.250000 3
46.260000 3
46.270000 3
46.280000 3
46.290000 3
46.300000 3
46.310000 3
46.320000 3
46.330000 3
46.340000 3
46.350000 3
46.360000 3
46.370000 3
46.380000 3
46.390000 3
46.400000 3
46.410000 3
46.420000 3
46.430000 3
46.440000 3
46.450000 3
46.460000 3
46.470000 3
46.480000 3
46.490000 3
46.500000 3
46.510000 3
46.520000 3
46.530000 3
46.540000 3
46.550000 3
46.560000 3
46.570000 3
46.580000 3
46.590000 3
46.600000 3
46.610000 3
46.620000 3
46.630000 3
46.640000 3
46.650000 3
46.660000 3
46.670000 3
46.680000 3
46.690000 3
46.700000 3
46.710000 3
46.720000 3
46.730000 3
46.740000 3
46.750000 3
46.760000 3
46.770000 3
46.780000 3
46.790000 3
46.800000 3
46.810000 3
46.820000 3
46.830000 3
46.840000 3
46.850000 3
46.860000 3
46.870000 3
46.880000 3
46.890000 3
46.900000 3
46.910000 3
46.920000 3
46.930000 3
46.940000 3
46.950000 3
46.960000 3
46.970000 3
46.980000 3
46.990000 3
47.000000 3
47.010000 3
47.020000 3
47.030000 3
47.040000 3
47.050000 3
47.060000 3
47.070000 3
47.080000 3
47.090000 3
47.100000 3
47.110000 3
47.120000 3
47.130000 3
47.140000 3
47.150000 3
47.160000 3
47.170000 3
47.180000 3
47.190000 3
47.200000 3
47.210000 3
47.220000 3
47.230000 3
47.240000 3
47.250000 3
47.260000 3
47.270000 3
47.280000 3
47.290000 3
47.300000 3
47.310000 3
47.320000 3
47.330000 3
47.340000 3
47.350000 3
47.360000 3
47.370000 3
47.380000 3
47.390000 3
47.400000 3
47.410000 3
47.420000 3
47.430000 3
47.440000 3
47.450000 3
47.460000 3
47.470000 3
47.480000 3
47.490000 3
47.500000 4
47.510000 3
47.520000 3
47.530000 3
47.540000 3
47.550000 3
47.560000 3
47.570000 3
47.580000 3
47.590000 3
47.600000 3
47.610000 3
47.620000 3
47.630000 3
47.640000 3
47.650000 3
47.660000 3
47.670000 3
47.680000 3
47.690000 3
47.700000 3
47.710000 3
47.720000 3
47.730000 3
47.740000 3
47.750000 3
47.760000 3
47.770000 3
47.780000 3
47.790000 3
47.800000 3
47.810000 3
47.820000 3
47.830000 3
47.840000 3
47.850000 3
47.860000 3
47.870000 3
47.880000 3
47.890000 3
47.900000 3
47.910000 3
47.920000 3
47.930000 3
47.940000 3
47.950000 3
47.960000 3
47.970000 3
47.980000 3
47.990000 3
48.000000 3
48.010000 3
48.020000 3
48.030000 3
48.040000 3
48.050000 3
48.060000 3
48.070000 3
48.080000 3
48.090000 3
48.100000 3
48.110000 3
48.120000 3
48.130000 3
48.140000 3
48.150000 3
48.160000 3
48.170000 3
48.180000 3
48.190000 3
48.200000 3
48.210000 3
48.220000 3
48.230000 3
48.240000 3
48.250000 3
48.260000 3
48.270000 3
48.280000 3
48.290000 3
48.300000 3
48.310000 3
48.320000 3
48.330000 3
48.340000 3
48.350000 3
48.360000 3
48.370000 3
48.380000 3
48.390000 3
48.400000 3
48.410000 3
48.420000 3
48.430000 3
48.440000 3
48.450000 3
48.460000 3
48.470000 3
48.480000 3
48.490000 3
48.500000 3
48.510000 3
48.520000 3
48.530000 3
48.540000 3
48.550000 3
48.560000 3
48.570000 3
48.580000 3
48.590000 3
48.600000 3
48.610000 3
48.620000 3
48.630000 3
48.640000 3
48.650000 3
48.660000 3
48.670000 3
48.680000 3
48.690000 3
48.700000 3
48.710000 3
48.720000 3
48.730000 3
48.740000 3
48.750000 3
48.760000 3
48.770000 3
48.780000 3
48.790000 3
48.800000 3
48.810000 3
48.820000 3
48.830000 3
48.840000 3
48.850000 3
48.860000 3
48.870000 3
48.880000 3
48.890000 3
48.900000 3
48.910000 3
48.920000 3
48.930000 3
48.940000 3
48.950000 3
48.960000 3
48.970000 3
48.980000 3
48.990000 3
49.000000 3
49.010000 3
49.020000 3
49.030000 3
49.040000 3
49.050000 3
49.060000 3
49.070000 3
49.080000 3
49.090000 3
49.100000 3
49.110000 3
49.120000 3
49.130000 3
49.140000 3
49.150000 3
49.160000 3
49.170000 3
49.180000 3
49.190000 3
49.200000 3
49.210000 3
49.220000 3
49.230000 3
49.240000 3
49.250000 3
49.260000 3
49.270000 3
49.280000 3
49.290000 3
49.300000 3
49.310000 3
49.320000 3
49.330000 3
49.340000 3
49.350000 3
49.360000 3
49.370000 3
49.380000 3
49.390000 3
49.400000 3
49.410000 3
49.420000 3
49.430000 3
49.440000 3
49.450000 3
49.460000 3
49.470000 3
49.480000 3
49.490000 3
49.500000 3
49.510000 3
49.520000 3
49.530000 3
49.540000 3
49.550000 3
49.560000 3
49.570000 3
49.580000 3
49.590000 3
49.600000 3
49.610000 3
49.620000 3
49.630000 3
49.640000 3
49.650000 3
49.660000 3
49.670000 3
49.680000 3
49.690000 3
49.700000 3
49.710000 3
49.720000 3
49.730000 3
49.740000 3
49.750000 3
49.760000 3
49.770000 3
49.780000 3
49.790000 3
49.800000 3
49.810000 3
49.820000 3
49.830000 3
49.840000 3
49.850000 3
49.860000 3
49.870000 3
49.880000 3
49.890000 3
49.900000 3
49.910000 3
49.920000 3
49.930000 3
49.940000 3
49.950000 3
49.960000 3
49.970000 3
49.980000 3
49.990000 3
50.000000 1
